-15.000000000000002,1.14491e-05,0.0
-14.897500000000003,1.19101e-05,0.0
-14.795000000000002,1.179536e-05,0.0
-14.700000000000003,1.217344e-05,0.0
-14.597500000000002,1.251633e-05,0.0
-14.500000000000002,1.287391e-05,0.0
-14.397500000000003,1.325671e-05,0.0
-14.300000000000002,1.355188e-05,0.0
-14.200000000000003,1.38682e-05,0.0
-14.097500000000002,1.423429e-05,0.0
-14.002500000000001,1.456156e-05,0.0
-13.897500000000003,1.488603e-05,0.0
-13.800000000000002,1.522656e-05,0.0
-13.697500000000002,1.553171e-05,0.0
-13.600000000000001,1.576663e-05,0.0
-13.497500000000002,1.588718e-05,0.0
-13.400000000000002,1.58925e-05,0.0
-13.297500000000001,1.58485e-05,0.0
-13.197500000000002,1.538811e-05,0.0
-13.097500000000002,1.440714e-05,0.0
-12.997500000000002,1.300991e-05,0.0
-12.897500000000003,1.116089e-05,0.0
-12.797500000000001,9.26226e-06,0.0
-12.697500000000002,7.795409e-06,0.0
-12.595000000000002,6.982223e-06,0.0
-12.495000000000001,6.744435e-06,0.0
-12.395000000000001,6.822443e-06,0.0
-12.297500000000001,6.972394e-06,0.0
-12.195000000000002,7.221691e-06,0.0
-12.100000000000001,7.464534e-06,0.0
-11.995000000000001,7.850018e-06,0.0
-11.902500000000002,8.157814e-06,0.0
-11.800000000000002,8.608301e-06,0.0
-11.697500000000002,9.119869e-06,0.0
-11.602500000000001,9.672533e-06,0.0
-11.500000000000002,1.026059e-05,0.0
-11.402500000000002,1.090187e-05,0.0
-11.297500000000001,1.165065e-05,0.0
-11.202500000000002,1.247648e-05,0.0
-11.100000000000001,1.331587e-05,0.0
-11.000000000000002,1.428385e-05,0.0
-10.8975,1.538854e-05,0.0
-10.8,1.664975e-05,0.0
-10.695000000000002,1.808119e-05,0.0
-10.600000000000001,1.956567e-05,0.0
-10.497500000000002,2.231853e-05,0.0
-10.400000000000002,2.782763e-05,0.0
-10.295000000000002,3.781241e-05,0.0
-10.200000000000001,5.386497e-05,0.0
-10.095,8.417473e-05,0.0
-10.000000000000002,0.0001372156,0.0
-9.8975,0.00023438,0.0
-9.8,0.0003735952,0.0
-9.695000000000002,0.0005375313,0.0
-9.600000000000001,0.0006254969,0.0
-9.495000000000001,0.0005848639,0.0
-9.400000000000002,0.0004348384,0.0
-9.295000000000002,0.0002438727,0.0
-9.2025,0.0001124139,0.0
-9.097500000000002,4.101451e-05,0.0
-9.000000000000002,1.62664e-05,0.0
-8.900000000000002,8.974562e-06,0.0
-8.8,7.170193e-06,0.0
-8.697500000000002,6.80553e-06,0.0
-8.602500000000001,6.573327e-06,0.0
-8.500000000000002,6.1656e-06,0.0
-8.402500000000002,5.77503e-06,0.0
-8.305000000000001,5.614586e-06,0.0
-8.205000000000002,5.513075e-06,0.0
-8.100000000000001,5.530138e-06,0.0
-8.005,5.5116e-06,0.0
-7.897500000000001,5.556153e-06,0.0
-7.8050000000000015,5.560263e-06,0.0
-7.697500000000001,5.608412e-06,0.0
-7.605000000000001,5.678158e-06,0.0
-7.502500000000001,5.796281e-06,0.0
-7.397500000000001,6.005034e-06,0.0
-7.305000000000001,6.286064e-06,0.0
-7.197500000000001,6.757683e-06,0.0
-7.102500000000001,7.225109e-06,0.0
-7.000000000000001,7.899404e-06,0.0
-6.902500000000001,8.533992e-06,0.0
-6.802500000000001,9.408092e-06,0.0
-6.700000000000001,1.029183e-05,0.0
-6.597500000000001,1.112551e-05,0.0
-6.505000000000001,1.198618e-05,0.0
-6.397500000000001,1.316049e-05,0.0
-6.302500000000001,1.426147e-05,0.0
-6.195000000000001,1.565453e-05,0.0
-6.102500000000001,1.711151e-05,0.0
-6.000000000000001,1.914234e-05,0.0
-5.8950000000000005,2.141306e-05,0.0
-5.802500000000001,2.354695e-05,0.0
-5.702500000000001,2.583808e-05,0.0
-5.602500000000001,2.834713e-05,0.0
-5.4975000000000005,3.045267e-05,0.0
-5.405000000000001,3.225528e-05,0.0
-5.2975,3.405404e-05,0.0
-5.197500000000001,3.617614e-05,0.0
-5.095000000000001,3.803063e-05,0.0
-5.000000000000001,4.217408e-05,0.0
-4.897500000000001,4.243494e-05,0.0
-4.7975,4.653829e-05,0.0
-4.697500000000001,4.898641e-05,0.0
-4.602500000000001,4.972152e-05,0.0
-4.500000000000001,5.209716e-05,0.0
-4.4,5.342494e-05,0.0
-4.2975,5.566698e-05,0.0
-4.202500000000001,5.831293e-05,0.0
-4.0975,5.998168e-05,0.0
-3.9975000000000005,6.301938e-05,0.0
-3.8950000000000005,6.567648e-05,0.0
-3.8000000000000007,6.743328e-05,0.0
-3.6950000000000007,7.088188e-05,0.0
-3.5975000000000006,7.433989e-05,0.0
-3.4950000000000006,7.644601e-05,0.0
-3.4000000000000004,7.979507e-05,0.0
-3.2950000000000004,8.224401e-05,0.0
-3.2000000000000006,8.60033e-05,0.0
-3.0950000000000006,8.670845e-05,0.0
-3.0025000000000004,8.845361e-05,0.0
-2.8975000000000004,9.083628e-05,0.0
-2.7950000000000004,9.315337e-05,0.0
-2.6975000000000002,9.481871e-05,0.0
-2.595,9.554668e-05,0.0
-2.5000000000000004,9.631611e-05,0.0
-2.3950000000000005,9.254312e-05,0.0
-2.2950000000000004,8.520251e-05,0.0
-2.1975000000000002,6.455393e-05,0.0
-2.095,2.939449e-05,0.0
-1.9975000000000003,8.761283e-06,0.0
-1.8950000000000002,7.192728e-06,0.0
-1.7975000000000003,6.865602e-06,0.0
-1.6950000000000003,6.820293e-06,0.0
-1.6000000000000003,6.798995e-06,0.0
-1.4975000000000003,6.785332e-06,0.0
-1.3950000000000002,6.751031e-06,0.0
-1.3000000000000003,6.776392e-06,0.0
-1.195,6.744216e-06,0.0
-1.0950000000000002,6.744621e-06,0.0
-1.0000000000000002,6.746637e-06,0.0
-0.9000000000000001,6.747176e-06,0.0
-0.7950000000000002,6.771639e-06,0.0
-0.7000000000000001,6.811566e-06,0.0
-0.5950000000000001,6.827025e-06,0.0
-0.49750000000000005,6.867565e-06,0.0
-0.3950000000000001,6.922797e-06,0.0
-0.29500000000000004,6.972639e-06,0.0
-0.19750000000000004,7.035176e-06,0.0
-0.09500000000000001,7.112524e-06,0.0
0.005000000000000001,7.190166e-06,0.0
0.10250000000000001,7.277486e-06,0.0
0.20500000000000002,7.354592e-06,0.0
0.30000000000000004,7.619145e-06,0.0
0.4050000000000001,7.76078e-06,0.0
0.5000000000000001,7.852941e-06,0.0
0.6050000000000001,8.051767e-06,0.0
0.7000000000000001,1.118984e-05,0.0
0.8050000000000002,9.108358e-06,0.0
0.9050000000000001,9.775376e-06,0.0
1.0000000000000002,1.218382e-05,0.0
1.1050000000000002,1.261099e-05,0.0
1.205,1.886423e-05,0.0
1.3000000000000003,3.176945e-05,0.0
1.4000000000000001,0.0001206515,0.0
1.5000000000000002,0.001929788,0.0
1.6050000000000002,5.964785e-05,0.0
1.6975000000000002,2.334347e-05,0.0
1.8025000000000002,1.499159e-05,0.0
1.8950000000000002,1.206878e-05,0.0
2.0050000000000003,1.006806e-05,0.0
2.1,9.671437e-06,0.0
2.2,9.642033e-06,0.0
2.305,9.017236e-06,0.0
2.3975000000000004,2.396495e-05,0.0
2.5025000000000004,4.403324e-05,0.0
2.5975000000000006,1.926373e-05,0.0
2.6950000000000003,8.322751e-06,0.0
2.7950000000000004,8.21021e-06,0.0
2.8950000000000005,8.135359e-06,0.0
2.9950000000000006,8.009298e-06,0.0
3.0950000000000006,7.962872e-06,0.0
3.1950000000000003,7.853993e-06,0.0
3.2950000000000004,7.784723e-06,0.0
3.3950000000000005,7.657193e-06,0.0
3.4950000000000006,7.614087e-06,0.0
3.5950000000000006,7.546457e-06,0.0
3.7000000000000006,7.506789e-06,0.0
3.7975000000000003,7.441735e-06,0.0
3.9050000000000007,7.429025e-06,0.0
3.9950000000000006,7.37431e-06,0.0
4.0975,7.413102e-06,0.0
4.197500000000001,7.404657e-06,0.0
4.300000000000001,7.440949e-06,0.0
4.397500000000001,7.457005e-06,0.0
4.5025,7.493124e-06,0.0
4.597500000000001,7.573551e-06,0.0
4.705000000000001,7.717402e-06,0.0
4.7975,7.816069e-06,0.0
4.9,7.981253e-06,0.0
5.005000000000001,8.164419e-06,0.0
5.097500000000001,8.381974e-06,0.0
5.200000000000001,8.651758e-06,0.0
5.300000000000001,8.966737e-06,0.0
5.402500000000001,9.339063e-06,0.0
5.495000000000001,9.681169e-06,0.0
5.595000000000001,1.01351e-05,0.0
5.702500000000001,1.05133e-05,0.0
5.805000000000001,1.091341e-05,0.0
5.900000000000001,1.156706e-05,0.0
6.005000000000001,3.230908e-05,0.0
6.097500000000001,6.239996e-05,0.0
6.197500000000001,6.659143e-05,0.0
6.295000000000001,6.961349e-05,0.0
6.402500000000001,6.767984e-05,0.0
6.495000000000001,6.443198e-05,0.0
6.595000000000001,6.193991e-05,0.0
6.702500000000001,6.208581e-05,0.0
6.797500000000001,6.11834e-05,0.0
6.900000000000001,6.259783e-05,0.0
7.000000000000001,6.181382e-05,0.0
7.105000000000001,5.866271e-05,0.0
7.197500000000001,5.978793e-05,0.0
7.295000000000001,6.174702e-05,0.0
7.395000000000001,6.137556e-05,0.0
7.497500000000001,5.797741e-05,0.0
7.595000000000001,5.525771e-05,0.0
7.695000000000001,5.266383e-05,0.0
7.795000000000001,4.998489e-05,0.0
7.897500000000001,4.781641e-05,0.0
7.997500000000001,4.616929e-05,0.0
8.105,4.410544e-05,0.0
8.197500000000002,4.218046e-05,0.0
8.297500000000001,3.949148e-05,0.0
8.405000000000001,3.68246e-05,0.0
8.500000000000002,3.445e-05,0.0
8.605,3.091746e-05,0.0
8.700000000000001,2.81604e-05,0.0
8.805000000000001,2.617227e-05,0.0
8.900000000000002,2.473725e-05,0.0
9.000000000000002,2.300139e-05,0.0
9.102500000000001,2.160273e-05,0.0
9.197500000000002,2.037601e-05,0.0
9.295000000000002,1.946956e-05,0.0
9.395000000000001,1.84323e-05,0.0
9.495000000000001,1.745568e-05,0.0
9.595,1.675458e-05,0.0
9.705000000000002,1.58311e-05,0.0
9.795000000000002,1.531976e-05,0.0
9.900000000000002,1.465357e-05,0.0
9.997500000000002,1.431453e-05,0.0
10.097500000000002,1.376089e-05,0.0
10.197500000000002,1.312225e-05,0.0
10.295000000000002,1.273614e-05,0.0
10.400000000000002,1.228208e-05,0.0
10.495000000000001,1.19526e-05,0.0
10.595,1.167206e-05,0.0
10.702500000000002,1.129866e-05,0.0
10.795000000000002,1.100051e-05,0.0
10.895000000000001,1.074015e-05,0.0
10.997500000000002,1.040364e-05,0.0
11.105000000000002,1.012337e-05,0.0
11.195000000000002,9.91426e-06,0.0
11.295000000000002,9.666345e-06,0.0
11.395000000000001,9.392994e-06,0.0
11.495000000000001,9.324864e-06,0.0
11.597500000000002,9.186047e-06,0.0
11.700000000000001,9.112437e-06,0.0
11.805000000000001,9.181226e-06,0.0
11.8975,9.734354e-06,0.0
12.005000000000003,1.248587e-05,0.0
12.095000000000002,1.970573e-05,0.0
12.200000000000001,4.061814e-05,0.0
12.305000000000001,7.972305e-05,0.0
12.395000000000001,0.0001191345,0.0
12.500000000000002,0.0001447339,0.0
12.600000000000001,0.0001386371,0.0
12.702500000000002,0.0001062331,0.0
12.797500000000001,7.302611e-05,0.0
12.897500000000003,4.510548e-05,0.0
13.005000000000003,2.735474e-05,0.0
13.097500000000002,1.933594e-05,0.0
13.205000000000002,1.423133e-05,0.0
13.297500000000001,1.196633e-05,0.0
13.400000000000002,1.05576e-05,0.0
13.505000000000003,9.951932e-06,0.0
13.597500000000002,9.57984e-06,0.0
13.705000000000002,9.108359e-06,0.0
13.797500000000001,8.665814e-06,0.0
13.905000000000001,8.171241e-06,0.0
13.997500000000002,7.844871e-06,0.0
14.105000000000002,7.589128e-06,0.0
14.200000000000003,7.372921e-06,0.0
14.305000000000001,7.187123e-06,0.0
14.400000000000002,7.03969e-06,0.0
14.502500000000001,6.930668e-06,0.0
14.597500000000002,6.762737e-06,0.0
14.700000000000003,6.632706e-06,0.0
14.800000000000002,6.514917e-06,0.0
14.902500000000002,6.433848e-06,0.0
14.995000000000003,6.397179e-06,0.0
