-15.0,3.610808333333334e-05,4.624601916801918e-08
-14.9,3.781302666666667e-05,4.4653112122474114e-08
-14.8,3.957744e-05,2.7795986520837878e-08
-14.700000000000001,4.1215693333333336e-05,6.607815893991627e-08
-14.600000000000001,4.274476333333333e-05,1.2977864059834068e-08
-14.500000000000002,4.425480666666667e-05,7.896633600605922e-09
-14.400000000000002,4.5388529999999996e-05,5.0035313529545115e-08
-14.300000000000002,4.6286576666666666e-05,7.170149060902139e-08
-14.200000000000003,4.657568666666667e-05,2.1947133956142756e-08
-14.100000000000003,4.6215173333333334e-05,4.6451768773882563e-08
-14.000000000000004,4.4994763333333333e-05,3.189905571573281e-08
-13.900000000000004,4.266721e-05,2.2688112893467052e-08
-13.800000000000004,3.939918e-05,3.103002094746312e-08
-13.700000000000005,3.5599813333333336e-05,4.6675781966907485e-08
-13.600000000000005,3.086649e-05,2.8506088238597705e-08
-13.500000000000005,2.668073333333333e-05,5.198117180501578e-09
-13.400000000000006,2.2497776666666664e-05,1.2457073849377889e-08
-13.300000000000006,1.9324316666666667e-05,7.253552386398236e-09
-13.200000000000006,1.6790223333333337e-05,1.5177246859105506e-08
-13.100000000000007,1.5476110000000003e-05,1.0519641945744184e-08
-13.000000000000007,1.4977993333333334e-05,1.0175337286246614e-08
-12.900000000000007,1.510418e-05,7.447026252135871e-09
-12.800000000000008,1.573672666666667e-05,1.023579449231463e-08
-12.700000000000008,1.655617e-05,2.3617012229887342e-08
-12.600000000000009,1.7806456666666666e-05,3.19071918051237e-09
-12.500000000000009,1.9284553333333333e-05,7.870672708790144e-09
-12.40000000000001,2.0855066666666666e-05,1.6379976258292067e-08
-12.30000000000001,2.255570666666667e-05,2.5499553372994793e-08
-12.20000000000001,2.437026333333333e-05,1.955461639158899e-08
-12.10000000000001,2.655131333333333e-05,1.7422289044656346e-08
-12.00000000000001,2.8814323333333332e-05,1.7907051373380566e-08
-11.900000000000011,3.1485146666666667e-05,3.1276274643178166e-08
-11.800000000000011,3.419747e-05,1.662582529279895e-08
-11.700000000000012,3.7534166666666664e-05,4.101582567199612e-08
-11.600000000000012,4.075059333333333e-05,1.7135149709167458e-08
-11.500000000000012,4.4425210000000004e-05,2.183379185269183e-08
-11.400000000000013,4.849166666666667e-05,6.883169489575594e-08
-11.300000000000013,5.242275333333334e-05,1.7670837243574466e-08
-11.200000000000014,5.7297153333333325e-05,3.6043159622257046e-08
-11.100000000000014,6.176553000000001e-05,9.197271914359408e-08
-11.000000000000014,6.719384999999998e-05,2.8249917993982332e-08
-10.900000000000015,7.345977e-05,1.1429989180513862e-07
-10.800000000000015,7.969668666666666e-05,7.719857914639675e-08
-10.700000000000015,8.695170333333333e-05,1.152400816652855e-07
-10.600000000000016,9.735863e-05,4.6546158452297504e-08
-10.500000000000016,0.00011670946666666666,1.5168507580583912e-07
-10.400000000000016,0.00014560116666666666,2.1412297608825028e-07
-10.300000000000017,0.00019015606666666668,5.042408441299552e-07
-10.200000000000017,0.0002483259,9.375320474522313e-07
-10.100000000000017,0.00033387010000000003,1.6427901570194396e-06
-10.000000000000018,0.00043684156666666665,2.9421667438962177e-06
-9.900000000000018,0.0005492743,4.817750044021235e-06
-9.800000000000018,0.0006350518333333332,5.989001578634684e-06
-9.700000000000019,0.0006793631333333333,5.731762251601943e-06
-9.60000000000002,0.0006548454666666666,4.480847109147505e-06
-9.50000000000002,0.0005656059666666666,1.7258772654958902e-06
-9.40000000000002,0.00044667823333333334,4.0592150582212e-07
-9.30000000000002,0.0002938424666666667,1.4108000811202381e-06
-9.20000000000002,0.0001552437,1.23568002600457e-06
-9.100000000000021,8.767248666666667e-05,7.823966913841652e-07
-9.000000000000021,5.576921e-05,4.237792985348238e-07
-8.900000000000022,4.826014666666667e-05,3.567472241735793e-07
-8.800000000000022,4.6136046666666666e-05,2.676310118220392e-07
-8.700000000000022,4.558018333333333e-05,1.9913544491682773e-07
-8.600000000000023,4.537511e-05,1.3005247581905959e-07
-8.500000000000023,4.54183e-05,1.2678208417070122e-07
-8.400000000000023,4.584513333333333e-05,8.399739532998715e-08
-8.300000000000024,4.637234666666666e-05,9.805942563341615e-08
-8.200000000000024,4.7133970000000004e-05,9.545172636818612e-08
-8.100000000000025,4.8057566666666665e-05,9.364707659908731e-08
-8.000000000000025,4.91412e-05,4.7135572554070266e-08
-7.900000000000025,5.0299316666666665e-05,3.009932483554281e-08
-7.800000000000026,5.180156666666666e-05,6.202850599166771e-09
-7.700000000000026,5.340212e-05,1.8716559512903632e-08
-7.600000000000026,5.550257999999999e-05,1.0560438753511451e-08
-7.500000000000027,5.7509323333333335e-05,3.797905504646138e-08
-7.400000000000027,5.9490209999999996e-05,6.012557026756572e-08
-7.300000000000027,6.195193666666666e-05,6.275451927063725e-08
-7.200000000000028,6.491246e-05,2.4426375089234044e-08
-7.100000000000028,6.796925333333334e-05,5.901512367370013e-08
-7.000000000000028,7.088439000000001e-05,9.094676134970554e-08
-6.900000000000029,7.433666666666667e-05,2.3388660120283406e-08
-6.800000000000029,7.799979e-05,5.116227190681645e-08
-6.7000000000000295,8.238907999999999e-05,3.0037018271903186e-08
-6.60000000000003,8.678818666666664e-05,5.595636772422859e-08
-6.50000000000003,9.264461333333334e-05,8.567644029849689e-08
-6.4000000000000306,9.880513666666667e-05,1.0605428306087184e-07
-6.300000000000031,0.00010690446666666667,1.0264347140574751e-07
-6.200000000000031,0.00011446453333333333,8.12822380488066e-08
-6.100000000000032,0.00012385686666666667,6.382838100893335e-08
-6.000000000000032,0.00013375466666666665,9.316545616387287e-08
-5.900000000000032,0.00014147263333333336,1.663328456906702e-07
-5.800000000000033,0.00015057623333333334,2.541703671861717e-07
-5.700000000000033,0.00015941186666666666,2.2362102365883408e-07
-5.600000000000033,0.0001672431,1.2961550833137366e-07
-5.500000000000034,0.00017294149999999998,1.3319229206927233e-07
-5.400000000000034,0.00018189596666666667,2.0127414692955352e-07
-5.3000000000000345,0.00019057326666666667,1.0338050536193867e-07
-5.200000000000035,0.00019927616666666665,2.485876013713461e-07
-5.100000000000035,0.00020756636666666669,3.33259361792314e-07
-5.0000000000000355,0.00021917233333333336,3.8760822431360964e-07
-4.900000000000036,0.00022635593333333336,2.7985217923436795e-07
-4.800000000000036,0.0002364624,3.972695810152139e-07
-4.700000000000037,0.0002448981333333334,1.669381988108902e-07
-4.600000000000037,0.0002555883333333333,4.4270276961209655e-07
-4.500000000000037,0.00026368139999999996,3.0087739474189546e-07
-4.400000000000038,0.00027494220000000004,4.1841042848698795e-07
-4.300000000000038,0.0002850704333333333,4.2884897367514885e-07
-4.200000000000038,0.0002932852333333333,4.5832358535088745e-07
-4.100000000000039,0.0003041901666666667,6.195253254620713e-07
-4.000000000000039,0.00031462766666666664,4.046615568046449e-07
-3.9000000000000394,0.00032293703333333336,6.249896763591835e-07
-3.80000000000004,0.0003287970333333333,4.706086083171664e-07
-3.70000000000004,0.00033066419999999995,1.881111019229436e-07
-3.6000000000000405,0.00032954576666666666,3.581177863341741e-07
-3.500000000000041,0.0003233317333333333,3.4513578326346534e-07
-3.400000000000041,0.00031107793333333335,1.6759256811950775e-07
-3.3000000000000416,0.0002859984,6.303760782265076e-08
-3.200000000000042,0.00025592176666666667,4.010261365824353e-07
-3.1000000000000423,0.00022453636666666665,3.5461203526608894e-07
-3.0000000000000426,0.0001896635,4.2282153051454474e-07
-2.900000000000043,0.00015926256666666666,4.465663842650503e-07
-2.8000000000000433,0.00012348573333333332,4.806319890403538e-07
-2.7000000000000437,9.554699333333334e-05,3.340860202935099e-07
-2.600000000000044,7.051369e-05,2.936872458926291e-07
-2.5000000000000444,5.601660333333333e-05,1.4054338104498536e-07
-2.4000000000000448,4.8751536666666674e-05,2.0230913990447344e-07
-2.300000000000045,4.7453223333333334e-05,1.5268499256821502e-07
-2.2000000000000455,4.7660306666666664e-05,4.533856513927956e-08
-2.100000000000046,4.827062666666667e-05,4.2754896275813464e-08
-2.000000000000046,4.916674333333334e-05,7.748837389498388e-08
-1.9000000000000465,5.037338333333333e-05,6.452235908754784e-08
-1.800000000000047,5.200191666666667e-05,4.4130552027162893e-08
-1.7000000000000473,5.379178333333334e-05,1.0277043457251722e-08
-1.6000000000000476,5.606447e-05,8.668822911253062e-08
-1.500000000000048,5.8206246666666664e-05,2.885410003602279e-08
-1.4000000000000483,6.058367e-05,2.545698725301288e-08
-1.3000000000000487,6.333579333333334e-05,3.625879694026616e-08
-1.200000000000049,6.635312666666665e-05,1.2305436016478915e-08
-1.1000000000000494,6.959721e-05,6.11095524447663e-08
-1.0000000000000497,7.328113e-05,4.4650313175462415e-08
-0.9000000000000501,7.725469000000001e-05,2.4279774847942416e-08
-0.8000000000000504,8.157784666666668e-05,9.553281960782563e-08
-0.7000000000000508,8.612056666666668e-05,5.197403988744825e-08
-0.6000000000000512,9.107135333333333e-05,5.2529428154343555e-08
-0.5000000000000515,9.638793333333333e-05,3.120486002033787e-08
-0.40000000000005187,0.00010214393333333334,1.1903795846517087e-07
-0.3000000000000522,0.00010719923333333333,9.264499746643465e-08
-0.20000000000005258,0.00011330536666666667,7.186943408400548e-08
-0.10000000000005294,0.00011977403333333334,4.6531733496852454e-08
-5.3290705182007514e-14,0.000126533,1.456954586343271e-07
0.09999999999994635,0.0001332364,2.601794124573763e-07
0.199999999999946,0.00014206076666666665,1.1171661569445473e-07
0.29999999999994564,0.00021083026666666668,6.681900794102167e-07
0.3999999999999453,0.0002092619666666667,4.067691756048105e-07
0.49999999999994493,0.0001727292,2.3566630363007705e-07
0.5999999999999446,0.0001762298,7.023517637195886e-08
0.6999999999999442,0.00018845543333333332,1.5011607360824763e-07
0.7999999999999439,0.00023783923333333334,5.399280466465485e-07
0.8999999999999435,0.00021755563333333337,2.907149157202315e-07
0.9999999999999432,0.00022998523333333336,3.6151321168419797e-07
1.0999999999999446,0.0002457093333333333,4.2958937241148974e-07
1.1999999999999424,0.00026734766666666667,5.364002257850222e-07
1.2999999999999403,0.0002978208,6.612181032004468e-07
1.3999999999999417,0.00041268176666666665,1.9990969250027654e-06
1.4999999999999432,0.004942341666666667,0.0007362435770157107
1.599999999999941,0.00025866143333333334,9.694938716785267e-06
1.699999999999939,0.0002086887,5.678796925992915e-06
1.7999999999999403,0.00020117153333333332,4.197782773745629e-06
1.8999999999999417,0.00019993833333333336,3.38242228423491e-06
1.9999999999999396,0.00019660090000000002,2.5823650800509685e-06
2.0999999999999375,0.00019222086666666668,1.801730222745783e-06
2.199999999999939,0.00020443233333333334,1.4371670195987e-06
2.2999999999999403,0.00018235223333333333,1.352828358990494e-06
2.399999999999938,0.0001772111,9.934456435390172e-07
2.499999999999936,0.00021155893333333332,7.374039613551143e-07
2.5999999999999375,0.00017154343333333332,6.566140841891548e-07
2.699999999999939,0.00015845193333333335,6.164790146919561e-07
2.7999999999999368,0.00015090419999999998,4.4517839869727575e-07
2.8999999999999346,0.00014445210000000003,3.5179338633162007e-07
2.999999999999936,0.00013870949999999997,3.50210717521124e-07
3.0999999999999375,0.00013240390000000002,2.5024344147249714e-07
3.1999999999999353,0.0001273023,2.2435520943361341e-07
3.299999999999933,0.0001222737,2.095954357009365e-07
3.3999999999999346,0.00011705276666666665,1.8169220004049484e-07
3.499999999999936,0.0001120086,1.8235489208317903e-07
3.599999999999934,0.00010712093333333334,1.3364306524803298e-07
3.699999999999932,0.00010217556666666668,1.8699513956844483e-07
3.799999999999933,9.848496666666666e-05,6.992037201147116e-08
3.8999999999999346,9.411821333333333e-05,1.575592648991365e-07
3.9999999999999325,8.999014333333335e-05,6.698476161702157e-08
4.09999999999993,8.65553e-05,1.1150948151016991e-07
4.199999999999932,8.309759333333333e-05,5.88208559006818e-08
4.299999999999933,8.00233e-05,5.5957148485843894e-08
4.399999999999931,7.701392333333334e-05,6.068422603023864e-08
4.499999999999929,7.451434e-05,9.239091766330107e-08
4.59999999999993,7.212146666666666e-05,3.466600095514196e-08
4.699999999999932,7.016019666666667e-05,5.1481220092597496e-08
4.79999999999993,6.813880666666667e-05,2.4690179334212737e-08
4.8999999999999275,6.660991333333332e-05,2.6564927170157702e-08
4.999999999999929,6.507731333333333e-05,5.769633976451259e-08
5.09999999999993,6.380267333333333e-05,8.21725275800169e-08
5.199999999999928,6.294180666666667e-05,4.966939589818819e-09
5.299999999999926,6.570930666666667e-05,5.1160434148102965e-08
5.3999999999999275,8.432758e-05,4.962258424011082e-08
5.499999999999929,0.00012354843333333334,9.294458325021922e-08
5.599999999999927,0.00018503170000000002,5.185731963763677e-07
5.699999999999925,0.00023347093333333333,8.715892852841957e-07
5.799999999999926,0.0002784977666666667,1.238620408178191e-06
5.8999999999999275,0.00030215326666666666,1.3971180153762454e-06
5.999999999999925,0.0003069664666666666,1.1462276863210494e-06
6.099999999999923,0.0003073388666666667,8.923732041895638e-07
6.199999999999925,0.0003052322333333333,7.930087277087246e-07
6.299999999999926,0.00030208236666666666,5.126961174895722e-07
6.399999999999924,0.0003001648333333334,5.929057841587257e-07
6.499999999999922,0.0002975045333333333,4.927152141168577e-07
6.599999999999923,0.0002954268,4.341834635266435e-07
6.699999999999925,0.0002905792666666667,2.847048335069661e-07
6.7999999999999226,0.00028677546666666665,2.8610189715476637e-07
6.89999999999992,0.00028000813333333335,1.3861987191196026e-07
6.999999999999922,0.00027287583333333333,1.2290956928662394e-07
7.099999999999923,0.000265021,2.32540935464407e-07
7.199999999999921,0.0002579418333333333,2.2910762148435574e-07
7.299999999999919,0.0002483504333333334,1.1017435676639822e-07
7.39999999999992,0.00023859826666666666,3.6380355810366254e-07
7.499999999999922,0.00022728866666666664,3.362691613705979e-07
7.59999999999992,0.00021824216666666666,1.9862890580734474e-07
7.699999999999918,0.00020751380000000002,1.254658519279175e-07
7.799999999999919,0.00019736663333333332,2.48635802374121e-07
7.89999999999992,0.00018915850000000002,2.1381482642697625e-07
7.999999999999918,0.00017824263333333335,2.6235865189130493e-07
8.099999999999916,0.00016917716666666667,2.1291202147575357e-07
8.199999999999918,0.0001610503,2.624080410353267e-07
8.299999999999919,0.00015191283333333333,1.7002149537305894e-07
8.399999999999917,0.00014484943333333334,1.8772153727143944e-07
8.499999999999915,0.00013588396666666666,1.8001485741151494e-07
8.599999999999916,0.00012844796666666667,2.047245520747877e-07
8.699999999999918,0.00012231296666666668,1.2623560864071044e-07
8.799999999999915,0.00011612736666666668,1.1056498340594042e-07
8.899999999999913,0.0001106653,8.740667403960842e-08
8.999999999999915,0.00010595266666666666,9.51625393150486e-08
9.099999999999916,0.00010028086666666666,8.613494580533644e-08
9.199999999999914,9.498097333333334e-05,1.4035596658338386e-07
9.299999999999912,9.110549999999998e-05,1.2110209907347104e-07
9.399999999999913,8.636435333333332e-05,9.15555078748552e-08
9.499999999999915,8.194743e-05,8.133357773187425e-08
9.599999999999913,7.751767666666665e-05,1.0873149937141822e-07
9.69999999999991,7.488812e-05,5.3681105304071355e-08
9.799999999999912,7.119832333333332e-05,8.558784350336058e-08
9.899999999999913,6.816906333333333e-05,7.42778308484791e-08
9.999999999999911,6.461074666666665e-05,1.1842455103942248e-07
10.099999999999909,6.263911999999999e-05,6.964365919929334e-08
10.19999999999991,5.982465333333333e-05,4.925689957311257e-08
10.299999999999912,5.760721666666666e-05,2.7169188839976204e-08
10.39999999999991,5.461043333333333e-05,1.5567081364927644e-08
10.499999999999908,5.332805e-05,3.300851708271621e-08
10.599999999999909,5.1177503333333334e-05,5.728503256135503e-08
10.69999999999991,4.957115666666667e-05,8.5143891279553e-09
10.799999999999908,4.776213333333333e-05,3.234716817418274e-08
10.899999999999906,4.661527666666666e-05,2.288734779062184e-08
10.999999999999908,4.5446046666666664e-05,4.308036237338476e-08
11.099999999999909,4.516417333333333e-05,3.8136681671178485e-08
11.199999999999907,4.521405333333334e-05,5.7301581905639734e-08
11.299999999999905,4.532904333333333e-05,3.4997028762771587e-08
11.399999999999906,4.485675666666666e-05,1.027548971528347e-08
11.499999999999908,4.3914446666666666e-05,4.35839131892604e-08
11.599999999999905,4.2700440000000005e-05,4.5604669351578985e-08
11.699999999999903,4.220788666666666e-05,2.533236708683546e-08
11.799999999999905,4.284809e-05,1.4005372778569034e-08
11.899999999999906,4.634391e-05,3.377709381617429e-08
11.999999999999904,6.201753e-05,4.935936452858937e-08
12.099999999999902,0.00010577766666666667,7.624138567005004e-08
12.199999999999903,0.00023598333333333331,9.357779983640509e-07
12.299999999999905,0.00042522063333333334,3.2251727150994907e-06
12.399999999999903,0.0006520769666666667,7.510162388094921e-06
12.4999999999999,0.0007813836666666667,9.949854962538692e-06
12.599999999999902,0.0008464386666666666,1.008254485413059e-05
12.699999999999903,0.0008240642333333333,8.164096900181642e-06
12.799999999999901,0.0007356491,4.391820730251502e-06
12.899999999999899,0.0006133952,9.351092021790823e-07
12.9999999999999,0.00048753963333333336,1.0401309287242885e-06
13.099999999999902,0.00036315340000000004,2.0101850180186575e-06
13.1999999999999,0.0002708616333333333,1.922181698545229e-06
13.299999999999898,0.00020126983333333334,1.5599481558336765e-06
13.399999999999899,0.00015399463333333333,1.1690805228421481e-06
13.4999999999999,0.00011831130000000001,8.76434002078875e-07
13.599999999999898,9.796798e-05,5.788349046720209e-07
13.699999999999896,8.680325333333332e-05,5.402765705533529e-07
13.799999999999898,7.970465333333332e-05,4.1122076830929237e-07
13.899999999999899,7.279762333333333e-05,2.3887864650394436e-07
13.999999999999897,6.625225e-05,2.4184198863445e-07
14.099999999999895,6.070833666666667e-05,1.8035993537614953e-07
14.199999999999896,5.552132666666667e-05,1.412192844086416e-07
14.299999999999898,5.071848e-05,1.3548620766213284e-07
14.399999999999896,4.6135510000000006e-05,1.1548981802161825e-07
14.499999999999893,4.211730333333334e-05,6.347068107052157e-08
14.599999999999895,3.818919e-05,7.102235000336292e-08
14.699999999999896,3.477003333333333e-05,6.531958222632871e-08
14.799999999999894,3.1320963333333336e-05,2.2374453190090735e-08
14.899999999999892,2.839154e-05,3.06009683942627e-08
14.999999999999893,2.5885303333333336e-05,2.82746486371724e-08
