-15.000000000000002,1.002357e-05,0.0
-14.895000000000001,1.03085e-05,0.0
-14.795000000000002,1.047411e-05,0.0
-14.697500000000002,1.073448e-05,0.0
-14.595000000000002,1.099341e-05,0.0
-14.497500000000002,1.122475e-05,0.0
-14.400000000000002,1.141663e-05,0.0
-14.297500000000001,1.164068e-05,0.0
-14.202500000000002,1.181328e-05,0.0
-14.095000000000002,1.198863e-05,0.0
-14.002500000000001,1.216904e-05,0.0
-13.897500000000003,1.23667e-05,0.0
-13.800000000000002,1.253986e-05,0.0
-13.697500000000002,1.262536e-05,0.0
-13.600000000000001,1.269027e-05,0.0
-13.497500000000002,1.262518e-05,0.0
-13.397500000000003,1.246948e-05,0.0
-13.297500000000001,1.222768e-05,0.0
-13.197500000000002,1.180572e-05,0.0
-13.097500000000002,1.10429e-05,0.0
-12.997500000000002,1.011484e-05,0.0
-12.897500000000003,8.991995e-06,0.0
-12.795000000000002,7.833501e-06,0.0
-12.695000000000002,6.991665e-06,0.0
-12.595000000000002,6.459707e-06,0.0
-12.495000000000001,6.268087e-06,0.0
-12.395000000000001,6.308192e-06,0.0
-12.297500000000001,6.425028e-06,0.0
-12.197500000000002,6.580347e-06,0.0
-12.100000000000001,6.721747e-06,0.0
-11.997500000000002,6.901301e-06,0.0
-11.8975,7.096276e-06,0.0
-11.802500000000002,7.363576e-06,0.0
-11.697500000000002,7.673006e-06,0.0
-11.602500000000001,7.974942e-06,0.0
-11.495000000000001,8.361911e-06,0.0
-11.402500000000002,8.739833e-06,0.0
-11.300000000000002,9.208128e-06,0.0
-11.197500000000002,9.73241e-06,0.0
-11.102500000000001,1.026263e-05,0.0
-11.002500000000001,1.076546e-05,0.0
-10.895000000000001,1.151802e-05,0.0
-10.802500000000002,1.220941e-05,0.0
-10.697500000000002,1.313839e-05,0.0
-10.600000000000001,1.405491e-05,0.0
-10.495000000000001,1.53291e-05,0.0
-10.3975,1.810067e-05,0.0
-10.297500000000001,2.328334e-05,0.0
-10.197500000000002,3.189826e-05,0.0
-10.095,4.750798e-05,0.0
-9.997500000000002,7.560951e-05,0.0
-9.895000000000001,0.0001268869,0.0
-9.802500000000002,0.0002062017,0.0
-9.695000000000002,0.0003192704,0.0
-9.600000000000001,0.0004038032,0.0
-9.500000000000002,0.0004131461,0.0
-9.400000000000002,0.0003325533,0.0
-9.297500000000001,0.0002040553,0.0
-9.2025,0.0001015368,0.0
-9.102500000000001,4.097128e-05,0.0
-9.000000000000002,1.601237e-05,0.0
-8.902500000000002,8.58451e-06,0.0
-8.802500000000002,6.578625e-06,0.0
-8.700000000000001,6.118058e-06,0.0
-8.597500000000002,5.983577e-06,0.0
-8.502500000000001,5.821212e-06,0.0
-8.402500000000002,5.632958e-06,0.0
-8.302500000000002,5.500686e-06,0.0
-8.197500000000002,5.464249e-06,0.0
-8.105,5.45007e-06,0.0
-8.000000000000002,5.454451e-06,0.0
-7.905000000000001,5.476448e-06,0.0
-7.802500000000001,5.483275e-06,0.0
-7.697500000000001,5.494482e-06,0.0
-7.602500000000001,5.529902e-06,0.0
-7.500000000000001,5.592912e-06,0.0
-7.395000000000001,5.738041e-06,0.0
-7.305000000000001,5.91633e-06,0.0
-7.2025000000000015,6.225637e-06,0.0
-7.100000000000001,6.637638e-06,0.0
-7.000000000000001,7.145773e-06,0.0
-6.897500000000001,7.738431e-06,0.0
-6.805000000000001,8.337702e-06,0.0
-6.702500000000001,9.137373e-06,0.0
-6.595000000000001,9.854818e-06,0.0
-6.500000000000001,1.052439e-05,0.0
-6.397500000000001,1.154398e-05,0.0
-6.300000000000001,1.243429e-05,0.0
-6.195000000000001,1.332147e-05,0.0
-6.102500000000001,1.450754e-05,0.0
-6.002500000000001,1.600621e-05,0.0
-5.897500000000001,1.758865e-05,0.0
-5.802500000000001,1.91096e-05,0.0
-5.700000000000001,2.069459e-05,0.0
-5.6000000000000005,2.260414e-05,0.0
-5.500000000000001,2.430901e-05,0.0
-5.402500000000001,2.568597e-05,0.0
-5.300000000000001,2.736931e-05,0.0
-5.200000000000001,2.883691e-05,0.0
-5.095000000000001,3.049493e-05,0.0
-5.0025,3.375238e-05,0.0
-4.9,3.393456e-05,0.0
-4.7975,3.70154e-05,0.0
-4.700000000000001,3.832583e-05,0.0
-4.595000000000001,3.977016e-05,0.0
-4.5025,4.220103e-05,0.0
-4.3950000000000005,4.220616e-05,0.0
-4.3025,4.48024e-05,0.0
-4.2,4.701182e-05,0.0
-4.1000000000000005,4.78919e-05,0.0
-3.9975000000000005,5.02859e-05,0.0
-3.8950000000000005,5.180599e-05,0.0
-3.8000000000000007,5.268047e-05,0.0
-3.6950000000000007,5.572541e-05,0.0
-3.6000000000000005,5.825851e-05,0.0
-3.4950000000000006,5.921793e-05,0.0
-3.4025000000000003,6.186981e-05,0.0
-3.2950000000000004,6.395188e-05,0.0
-3.2025000000000006,6.627216e-05,0.0
-3.1000000000000005,6.658074e-05,0.0
-2.9975000000000005,6.705926e-05,0.0
-2.9025000000000003,6.780372e-05,0.0
-2.8000000000000003,6.824043e-05,0.0
-2.6950000000000003,6.851114e-05,0.0
-2.6000000000000005,6.705376e-05,0.0
-2.4950000000000006,6.539956e-05,0.0
-2.3975000000000004,6.020086e-05,0.0
-2.2950000000000004,5.282371e-05,0.0
-2.2,4.061693e-05,0.0
-2.095,1.996589e-05,0.0
-1.9950000000000003,7.174819e-06,0.0
-1.8950000000000002,5.858882e-06,0.0
-1.7975000000000003,5.784243e-06,0.0
-1.6950000000000003,5.744961e-06,0.0
-1.5950000000000002,5.752528e-06,0.0
-1.495,5.744866e-06,0.0
-1.4000000000000001,5.734901e-06,0.0
-1.2950000000000002,5.734967e-06,0.0
-1.195,5.723819e-06,0.0
-1.0975000000000001,5.724755e-06,0.0
-0.9950000000000001,5.719489e-06,0.0
-0.8975000000000001,5.747223e-06,0.0
-0.7950000000000002,5.742434e-06,0.0
-0.7000000000000001,5.710023e-06,0.0
-0.5950000000000001,5.741793e-06,0.0
-0.49750000000000005,5.740286e-06,0.0
-0.3950000000000001,5.760885e-06,0.0
-0.29500000000000004,5.772113e-06,0.0
-0.19750000000000004,5.820348e-06,0.0
-0.09500000000000001,5.813555e-06,0.0
0.005000000000000001,5.821433e-06,0.0
0.10250000000000001,5.872959e-06,0.0
0.20500000000000002,5.913567e-06,0.0
0.30000000000000004,5.993384e-06,0.0
0.4050000000000001,6.010157e-06,0.0
0.5000000000000001,6.02144e-06,0.0
0.6050000000000001,6.094767e-06,0.0
0.7025000000000001,6.814758e-06,0.0
0.8050000000000002,6.294455e-06,0.0
0.9050000000000001,6.425593e-06,0.0
1.0025000000000002,8.961061e-06,0.0
1.1050000000000002,7.766092e-06,0.0
1.2000000000000002,7.736399e-06,0.0
1.3050000000000002,9.163301e-06,0.0
1.3975000000000002,1.329933e-05,0.0
1.5000000000000002,0.0004804017,0.0
1.6050000000000002,4.774475e-05,0.0
1.6975000000000002,1.253228e-05,0.0
1.8025000000000002,8.59526e-06,0.0
1.8975000000000002,7.374505e-06,0.0
2.0000000000000004,6.870768e-06,0.0
2.1025000000000005,6.762345e-06,0.0
2.1975000000000002,6.49526e-06,0.0
2.3000000000000003,6.174973e-06,0.0
2.4050000000000002,6.093273e-06,0.0
2.4950000000000006,7.504544e-06,0.0
2.6000000000000005,2.075967e-05,0.0
2.7025000000000006,5.886038e-06,0.0
2.7975000000000003,5.792224e-06,0.0
2.9025000000000003,5.75293e-06,0.0
2.9975000000000005,5.762387e-06,0.0
3.1025000000000005,5.69985e-06,0.0
3.1975000000000007,5.700638e-06,0.0
3.3000000000000003,5.703774e-06,0.0
3.4050000000000007,5.667615e-06,0.0
3.4975000000000005,5.670531e-06,0.0
3.6000000000000005,5.692648e-06,0.0
3.7050000000000005,5.702595e-06,0.0
3.7975000000000003,5.727597e-06,0.0
3.9000000000000004,5.783695e-06,0.0
4.005000000000001,5.820704e-06,0.0
4.0975,5.865627e-06,0.0
4.2,5.920479e-06,0.0
4.305000000000001,6.007903e-06,0.0
4.397500000000001,6.06929e-06,0.0
4.4975000000000005,6.176985e-06,0.0
4.602500000000001,6.274088e-06,0.0
4.697500000000001,6.387674e-06,0.0
4.800000000000001,6.508682e-06,0.0
4.905000000000001,6.708807e-06,0.0
4.9975000000000005,6.848112e-06,0.0
5.1000000000000005,7.046063e-06,0.0
5.205000000000001,7.278075e-06,0.0
5.295000000000001,7.521517e-06,0.0
5.3950000000000005,7.834013e-06,0.0
5.500000000000001,8.175791e-06,0.0
5.602500000000001,8.530233e-06,0.0
5.695000000000001,8.917728e-06,0.0
5.800000000000001,9.187753e-06,0.0
5.905000000000001,9.617068e-06,0.0
5.995000000000001,1.634574e-05,0.0
6.105,3.639945e-05,0.0
6.197500000000001,3.973283e-05,0.0
6.300000000000001,4.16667e-05,0.0
6.405000000000001,4.110307e-05,0.0
6.4975000000000005,3.96183e-05,0.0
6.6000000000000005,3.919384e-05,0.0
6.705000000000001,3.911948e-05,0.0
6.797500000000001,3.92421e-05,0.0
6.905000000000001,4.128478e-05,0.0
6.997500000000001,4.080401e-05,0.0
7.100000000000001,3.961804e-05,0.0
7.200000000000001,3.974995e-05,0.0
7.305000000000001,4.126548e-05,0.0
7.397500000000001,4.112644e-05,0.0
7.497500000000001,4.02048e-05,0.0
7.600000000000001,3.79136e-05,0.0
7.705000000000001,3.618953e-05,0.0
7.795000000000001,3.462128e-05,0.0
7.900000000000001,3.361297e-05,0.0
8.005,3.21795e-05,0.0
8.095,3.151342e-05,0.0
8.195,2.988415e-05,0.0
8.295000000000002,2.783488e-05,0.0
8.395000000000001,2.593294e-05,0.0
8.495000000000001,2.434431e-05,0.0
8.605,2.180882e-05,0.0
8.697500000000002,2.006735e-05,0.0
8.8,1.872535e-05,0.0
8.905000000000001,1.788455e-05,0.0
8.9975,1.690225e-05,0.0
9.095,1.594993e-05,0.0
9.195000000000002,1.502456e-05,0.0
9.295000000000002,1.45218e-05,0.0
9.395000000000001,1.37106e-05,0.0
9.495000000000001,1.305515e-05,0.0
9.595,1.261031e-05,0.0
9.695000000000002,1.208232e-05,0.0
9.797500000000001,1.169899e-05,0.0
9.8975,1.12269e-05,0.0
9.997500000000002,1.103793e-05,0.0
10.097500000000002,1.066055e-05,0.0
10.195000000000002,1.027657e-05,0.0
10.295000000000002,9.983931e-06,0.0
10.402500000000002,9.749624e-06,0.0
10.495000000000001,9.491319e-06,0.0
10.597500000000002,9.346541e-06,0.0
10.705000000000002,9.0786e-06,0.0
10.795000000000002,8.84159e-06,0.0
10.895000000000001,8.6683e-06,0.0
11.000000000000002,8.44547e-06,0.0
11.105000000000002,8.294748e-06,0.0
11.197500000000002,8.116157e-06,0.0
11.295000000000002,7.939169e-06,0.0
11.3975,7.750145e-06,0.0
11.505,7.673429e-06,0.0
11.595000000000002,7.575437e-06,0.0
11.695000000000002,7.466716e-06,0.0
11.800000000000002,7.380057e-06,0.0
11.902500000000002,7.410606e-06,0.0
11.995000000000001,7.626068e-06,0.0
12.097500000000002,8.248444e-06,0.0
12.205000000000002,9.760623e-06,0.0
12.295000000000002,1.184576e-05,0.0
12.397500000000003,1.427363e-05,0.0
12.500000000000002,1.521312e-05,0.0
12.605000000000002,1.383316e-05,0.0
12.697500000000002,1.143112e-05,0.0
12.800000000000002,9.120994e-06,0.0
12.905000000000001,7.759867e-06,0.0
12.997500000000002,7.142713e-06,0.0
13.100000000000001,6.77e-06,0.0
13.205000000000002,6.531473e-06,0.0
13.297500000000001,6.435945e-06,0.0
13.400000000000002,6.414293e-06,0.0
13.505000000000003,6.42343e-06,0.0
13.597500000000002,6.417266e-06,0.0
13.705000000000002,6.397309e-06,0.0
13.800000000000002,6.279168e-06,0.0
13.905000000000001,6.183946e-06,0.0
14.000000000000002,6.151651e-06,0.0
14.105000000000002,6.095049e-06,0.0
14.200000000000003,6.050766e-06,0.0
14.305000000000001,6.021101e-06,0.0
14.400000000000002,5.961579e-06,0.0
14.505000000000003,5.930061e-06,0.0
14.597500000000002,5.89484e-06,0.0
14.700000000000003,5.831316e-06,0.0
14.800000000000002,5.976352e-06,0.0
14.900000000000002,5.771131e-06,0.0
15.002500000000001,5.729217e-06,0.0
