-15.0,9.313205666666667e-07,6.692302944095976e-09
-14.85,9.262354666666665e-07,3.510166569963436e-09
-14.7,9.252959666666665e-07,2.4538864525935402e-09
-14.549999999999999,9.242112333333334e-07,2.548103669180038e-09
-14.399999999999999,9.255537e-07,3.139063873195286e-10
-14.249999999999998,9.181608333333334e-07,2.581230788252451e-09
-14.099999999999998,9.191420666666666e-07,8.486843488731371e-09
-13.949999999999998,9.159367333333333e-07,6.057283363210163e-09
-13.799999999999997,9.155726333333332e-07,2.7402872821820815e-09
-13.649999999999997,9.098286333333334e-07,2.3751639134079876e-09
-13.499999999999996,9.061045333333333e-07,2.5426521918832902e-09
-13.349999999999996,9.074103666666667e-07,4.774054918224358e-09
-13.199999999999996,9.072689e-07,3.121420581508804e-09
-13.049999999999995,9.068557999999999e-07,1.686098431290413e-09
-12.899999999999995,8.968984e-07,2.661556853923428e-09
-12.749999999999995,9.026371e-07,2.0218480852922823e-09
-12.599999999999994,9.075436333333333e-07,1.2999195778543088e-09
-12.449999999999994,9.039868e-07,1.306616523697776e-09
-12.299999999999994,9.095329666666666e-07,3.96678006140441e-09
-12.149999999999993,9.089770333333333e-07,7.164552199700007e-10
-11.999999999999993,9.131417333333335e-07,4.615696917644784e-09
-11.849999999999993,9.125138666666666e-07,3.183241880361735e-09
-11.699999999999992,9.135919666666668e-07,4.6967879700446e-09
-11.549999999999992,9.174969999999999e-07,6.377632015620411e-09
-11.399999999999991,9.218292666666666e-07,3.445854102476695e-09
-11.249999999999991,9.208465666666666e-07,5.6063025381162745e-09
-11.09999999999999,9.269434999999999e-07,2.9106646434566687e-10
-10.94999999999999,9.324560666666668e-07,6.050293536864289e-09
-10.79999999999999,9.361302e-07,1.9257899020055898e-09
-10.64999999999999,9.432706333333333e-07,4.670253253185382e-09
-10.49999999999999,9.459017666666667e-07,5.613093211016123e-09
-10.349999999999989,9.490902666666666e-07,2.14159467271989e-09
-10.199999999999989,9.615134666666668e-07,3.813455022533891e-09
-10.049999999999988,9.642458000000001e-07,1.034385714647381e-09
-9.899999999999988,9.706009e-07,4.179682531006415e-09
-9.749999999999988,9.793486333333333e-07,7.489851281715642e-10
-9.599999999999987,9.888222333333333e-07,6.4286706808035295e-09
-9.449999999999987,9.997813666666665e-07,1.7826479561471352e-09
-9.299999999999986,1.0051433333333334e-06,1.9469895280207486e-09
-9.149999999999986,1.0224093333333333e-06,2.8464499917538495e-09
-8.999999999999986,1.0321786666666668e-06,3.517584809054258e-09
-8.849999999999985,1.037009e-06,3.6567161041933567e-09
-8.699999999999985,1.0546113333333333e-06,3.147202390836795e-09
-8.549999999999985,1.067154e-06,2.2644281102889324e-09
-8.399999999999984,1.0811906666666665e-06,4.174664324496282e-09
-8.249999999999984,1.1012e-06,8.225698916606793e-09
-8.099999999999984,1.1290840000000001e-06,3.605489240958366e-09
-7.949999999999983,1.1487366666666667e-06,3.4054480207782433e-09
-7.799999999999983,1.1784866666666667e-06,2.313210227271937e-09
-7.649999999999983,1.213843e-06,1.7010449729505007e-09
-7.499999999999982,1.249964e-06,6.723828274626565e-10
-7.349999999999982,1.288577e-06,2.3799882352650153e-09
-7.1999999999999815,1.3405126666666667e-06,6.151881573054636e-09
-7.049999999999981,1.3780430000000001e-06,1.9048784738140435e-09
-6.899999999999981,1.447991e-06,6.175242883212473e-09
-6.7499999999999805,1.5237616666666668e-06,6.864802999520331e-09
-6.59999999999998,1.59389e-06,8.441348273034813e-09
-6.44999999999998,1.665568333333333e-06,2.6311455468843297e-09
-6.299999999999979,1.7679536666666667e-06,2.1482622951792593e-09
-6.149999999999979,1.8852733333333332e-06,7.757770054740047e-09
-5.999999999999979,2.008963666666667e-06,5.946822251327812e-09
-5.849999999999978,2.1402073333333334e-06,7.448331550682199e-09
-5.699999999999978,2.3163286666666668e-06,4.498088804024184e-09
-5.549999999999978,2.491443e-06,1.1647840744103608e-08
-5.399999999999977,2.692050666666667e-06,7.527535246605532e-09
-5.249999999999977,2.9541556666666665e-06,9.992901558384122e-09
-5.0999999999999766,3.1586736666666665e-06,8.473442328173889e-09
-4.949999999999976,3.3707240000000004e-06,2.5344081491872698e-09
-4.799999999999976,3.570179666666667e-06,6.294273711521801e-09
-4.6499999999999755,3.7776323333333332e-06,1.1547930069449946e-09
-4.499999999999975,3.8253776666666665e-06,1.1565207429566092e-08
-4.349999999999975,3.7079076666666664e-06,8.610014724467985e-09
-4.199999999999974,3.595031666666667e-06,3.481901428179019e-09
-4.049999999999974,3.3679446666666666e-06,3.89946409423433e-09
-3.8999999999999737,3.052789e-06,6.0405040076691554e-09
-3.7499999999999734,2.753975666666667e-06,8.477338117331168e-09
-3.599999999999973,2.4263516666666666e-06,5.381323030217954e-09
-3.4499999999999726,2.1094626666666668e-06,4.4909862564424805e-09
-3.2999999999999723,1.809383e-06,3.30723217610544e-09
-3.149999999999972,1.5552376666666666e-06,4.822788220751762e-09
-2.9999999999999716,1.361962e-06,1.9506942353941693e-09
-2.8499999999999712,1.2154883333333333e-06,1.8801128216738047e-09
-2.699999999999971,1.1181530000000001e-06,3.8521373288085206e-09
-2.5499999999999705,1.0556093333333333e-06,5.680862982172812e-09
-2.39999999999997,1.0299136666666667e-06,4.185007314476503e-09
-2.24999999999997,1.0116840000000002e-06,1.4142173336041943e-09
-2.0999999999999694,1.0109300000000001e-06,5.874787542257762e-09
-1.949999999999969,1.0140376666666666e-06,3.3728920660005282e-09
-1.7999999999999687,1.0287993333333333e-06,3.803822317383197e-09
-1.6499999999999684,1.0427196666666666e-06,6.033704242742491e-09
-1.499999999999968,1.0555180000000002e-06,3.464898651716413e-09
-1.3499999999999677,1.0721316666666668e-06,2.6588739889075477e-09
-1.1999999999999673,1.091792e-06,8.431869227322406e-09
-1.049999999999967,1.1079619999999998e-06,4.84098151204894e-09
-0.8999999999999666,1.1489143333333332e-06,6.04401160010654e-09
-0.7499999999999662,1.1824106666666666e-06,7.32052408567094e-09
-0.5999999999999659,1.22703e-06,3.5313547919554048e-09
-0.44999999999996554,1.2794476666666667e-06,3.3254880677712865e-09
-0.2999999999999652,1.3442839999999998e-06,4.1246656430148534e-10
-0.14999999999996483,1.4212826666666667e-06,3.6042835934790616e-09
3.552713678800501e-14,1.5161183333333332e-06,2.985942881049239e-09
0.15000000000003588,1.6140146666666666e-06,3.435726156465665e-09
0.30000000000003624,1.7171156666666665e-06,4.246677237035509e-09
0.4500000000000366,1.8137086666666666e-06,5.248830303558633e-09
0.600000000000037,1.8850606666666668e-06,3.1182925171033215e-09
0.7500000000000373,1.973534e-06,6.354523480692043e-09
0.9000000000000377,2.086660333333333e-06,1.6600647243071897e-09
1.0500000000000398,2.1147403333333332e-06,8.740611051611607e-09
1.2000000000000384,2.139655666666667e-06,3.948333178556371e-09
1.350000000000037,2.4831416666666668e-06,6.988028540932617e-09
1.6500000000000412,2.108758666666667e-06,4.792912916194239e-09
1.8000000000000398,1.8192283333333334e-06,2.6622730054514026e-09
1.9500000000000384,1.719106333333333e-06,2.7758512608247064e-09
2.1000000000000405,1.6448713333333333e-06,6.894179880320975e-09
2.2500000000000426,1.5810606666666668e-06,9.73222962920393e-09
2.400000000000041,1.5435786666666666e-06,7.19666544696605e-09
2.55000000000004,1.4919866666666666e-06,1.5359024129879768e-09
2.700000000000042,1.4371843333333333e-06,5.1601365830330426e-09
2.850000000000044,1.3907849999999999e-06,1.3267878504116754e-09
3.0000000000000426,1.3574730000000002e-06,4.214463034203415e-09
3.150000000000041,1.3137396666666667e-06,6.081161968644561e-09
3.3000000000000433,1.286371e-06,4.657474852320741e-09
3.4500000000000455,1.258068e-06,3.763183315580949e-09
3.600000000000044,1.2264083333333334e-06,5.091792502536716e-09
3.7500000000000426,1.2014233333333334e-06,2.442962318352231e-09
3.9000000000000448,1.18175e-06,2.46029971073988e-09
4.050000000000047,1.157575e-06,6.064613150619453e-09
4.2000000000000455,1.1374653333333331e-06,5.471382173536071e-09
4.350000000000044,1.1235666666666665e-06,5.5138230133204455e-09
4.500000000000046,1.0954563333333333e-06,7.700259793597193e-09
4.650000000000048,1.0838369999999999e-06,2.263422335019818e-09
4.800000000000047,1.0739726666666668e-06,4.1199307707236265e-09
4.9500000000000455,1.0633113333333335e-06,4.00626212599999e-09
5.100000000000048,1.0513883333333332e-06,1.8064208319830276e-09
5.25000000000005,1.0549686666666665e-06,2.5288333717788306e-09
5.400000000000048,1.1774526666666666e-06,2.5311244317277395e-09
5.550000000000047,1.5006193333333333e-06,1.1807134378088275e-09
5.700000000000049,1.9936093333333334e-06,5.895423837369213e-09
5.850000000000051,2.5557053333333334e-06,2.284084985770413e-09
6.00000000000005,3.057757e-06,8.319491611070015e-09
6.150000000000048,3.4222840000000002e-06,1.3853815358954759e-09
6.3000000000000504,3.608569e-06,5.236454971320586e-09
6.450000000000053,3.7107006666666666e-06,8.802599628644993e-09
6.600000000000051,3.7060356666666668e-06,6.074564255062963e-09
6.75000000000005,3.7047226666666667e-06,1.1871123545066015e-08
6.900000000000052,3.7046959999999998e-06,5.251074366260629e-09
7.050000000000054,3.6503516666666666e-06,9.17470872683295e-09
7.200000000000053,3.502714333333333e-06,3.5282405750678904e-09
7.350000000000051,3.484091e-06,3.1984978766079723e-09
7.500000000000053,3.372869e-06,4.522875265433042e-09
7.650000000000055,3.183767333333333e-06,7.989286214814325e-09
7.800000000000054,3.0729920000000003e-06,5.547220565292103e-09
7.950000000000053,2.8687073333333337e-06,1.3487006916124115e-09
8.100000000000055,2.642383e-06,4.766554800552138e-09
8.250000000000057,2.4942533333333333e-06,3.225844626691639e-09
8.400000000000055,2.3214826666666667e-06,3.960359944359662e-09
8.550000000000054,2.1408006666666666e-06,2.748549354760605e-09
8.700000000000056,2.031632666666667e-06,7.552630152617127e-09
8.850000000000058,1.895695e-06,4.863749376766884e-09
9.000000000000057,1.7902523333333333e-06,2.125594870984486e-09
9.150000000000055,1.6870180000000002e-06,5.993475508139391e-09
9.300000000000058,1.601622e-06,6.317533115597143e-09
9.45000000000006,1.518451666666667e-06,1.110132824885825e-09
9.600000000000058,1.4456906666666666e-06,7.111991438565097e-10
9.750000000000057,1.3880229999999999e-06,2.4367843564829636e-09
9.900000000000059,1.3303526666666666e-06,2.7739478886396997e-09
10.050000000000061,1.2822726666666667e-06,3.821663366766938e-09
10.20000000000006,1.256028e-06,6.414084865876533e-09
10.350000000000058,1.214033e-06,3.749101847998653e-09
10.50000000000006,1.1835823333333335e-06,6.134560094705699e-09
10.650000000000063,1.15599e-06,4.198861512362561e-09
10.800000000000061,1.12243e-06,4.59702360228878e-09
10.95000000000006,1.0970003333333332e-06,4.607677674876496e-09
11.100000000000062,1.0759633333333333e-06,2.31849237412784e-09
11.250000000000064,1.0625806666666666e-06,2.6313536862653975e-09
11.400000000000063,1.0459256666666665e-06,4.816171116376789e-09
11.550000000000061,1.026914e-06,1.9009508147239907e-09
11.700000000000063,1.0190503333333334e-06,6.981318372787684e-09
11.850000000000065,1.008802e-06,5.286425824694781e-09
12.000000000000064,1.003855766666667e-06,3.910604724194067e-09
12.150000000000063,9.938255e-07,3.2422653942369677e-09
12.300000000000065,9.798752e-07,3.1739402672388414e-09
12.450000000000067,9.789271666666665e-07,5.7503487206333046e-09
12.600000000000065,9.767354e-07,1.6524553932457205e-09
12.750000000000064,9.688768666666667e-07,5.349023916774194e-09
12.900000000000066,9.698632e-07,3.855566791017899e-09
13.050000000000068,9.643277333333334e-07,1.5012226579987223e-09
13.200000000000067,9.640515666666667e-07,3.221378013969962e-09
13.350000000000065,9.645511e-07,1.384612511378774e-09
13.500000000000068,9.630542e-07,1.0946734155292991e-09
13.65000000000007,9.700825333333334e-07,3.8077875757748666e-10
13.800000000000068,9.620982333333334e-07,4.944643392152246e-09
13.950000000000067,9.672289666666667e-07,1.460424948050664e-09
14.100000000000069,9.663537333333333e-07,2.7351583614521905e-09
14.250000000000071,9.615879e-07,7.375059909361352e-10
14.40000000000007,9.606051e-07,3.983176838487924e-09
14.550000000000068,9.594155000000002e-07,2.4921851830605748e-09
14.70000000000007,9.536188000000001e-07,7.35403485623179e-10
14.850000000000072,9.518120333333333e-07,6.100722407678903e-09
15.000000000000071,9.530567e-07,1.0785857777664381e-09
