-9.4975,1.5220149999999999e-05,4.577865706491038e-07
-9.492500000000001,1.4724443333333333e-05,1.464466304001398e-08
-9.482500000000002,1.515216e-05,2.0151565695994695e-08
-9.472500000000002,1.5677173333333332e-05,2.1642397176735605e-08
-9.462500000000002,1.6232830000000004e-05,1.6011497951992406e-08
-9.4525,1.684726333333333e-05,4.283050807803035e-08
-9.4425,1.7476173333333333e-05,2.835787172707036e-09
-9.432500000000001,1.8137503333333335e-05,1.228889561984861e-08
-9.422500000000001,1.8902416666666667e-05,2.354618912313023e-08
-9.412500000000001,1.9800466666666664e-05,2.7605789650401427e-08
-9.402500000000002,2.0805756666666666e-05,1.8965739871907964e-08
-9.392500000000002,2.2104006666666666e-05,8.626402623470785e-09
-9.382500000000002,2.3751209999999998e-05,5.615136151510549e-08
-9.3725,2.5793226666666666e-05,3.401221871948659e-08
-9.3625,2.859150666666667e-05,5.870769247343572e-08
-9.352500000000001,3.403468666666667e-05,2.503526474573182e-07
-9.342500000000001,5.863987e-05,6.201489498499369e-08
-9.332500000000001,0.00012625050000000001,2.8875409376606815e-07
-9.322500000000002,0.0002539306,9.322335758810532e-07
-9.312500000000002,0.0004765943,4.24356160789496e-06
-9.302500000000002,0.0007775152333333333,1.2292038500952133e-05
-9.292500000000002,0.0010173837,2.0456243302392236e-05
-9.2825,0.0011291606666666667,2.2210369985411953e-05
-9.2725,0.0011314853333333332,1.9070909300700737e-05
-9.262500000000001,0.0009132148000000001,5.009324551414097e-05
-9.252500000000001,0.0007610048666666667,1.0632989869061238e-06
-9.242500000000001,0.0005850396333333333,2.386878707061239e-06
-9.232500000000002,0.000429837,3.537129243704101e-06
-9.222500000000002,0.0003218829333333333,2.9688935282731396e-06
-9.212500000000002,0.00021718849999999998,2.2471525374719582e-06
-9.2025,0.00011408576666666666,1.6589638319009757e-06
-9.1925,5.411939e-05,4.92280554223574e-07
-9.182500000000001,3.0481983333333334e-05,2.7439031255170546e-07
-9.172500000000001,2.483222e-05,1.784292436793929e-07
-9.162500000000001,2.4625133333333332e-05,1.1161601269033533e-07
-9.152500000000002,2.5721036666666668e-05,9.708262643519469e-08
-9.142500000000002,2.706104666666667e-05,1.1293384769658499e-07
-9.132500000000002,2.8697956666666665e-05,2.9545673494138296e-08
-9.1225,3.047210666666667e-05,1.0699149010811873e-07
-9.1125,3.282194666666667e-05,1.1979723461842532e-07
-9.102500000000001,3.553861666666667e-05,1.1701409668164718e-07
-9.092500000000001,3.942949666666667e-05,4.0746423428592814e-08
-9.082500000000001,4.303428e-05,8.332375571628168e-08
-9.072500000000002,4.744415333333334e-05,7.333336863635397e-08
-9.062500000000002,5.0628863333333334e-05,4.4558905083294925e-08
-9.052500000000002,5.363567333333333e-05,4.50770047314088e-08
-9.0425,5.465939e-05,7.822979014842517e-08
-9.0325,5.2932246666666667e-05,1.962993858596876e-08
-9.0225,4.814694333333334e-05,5.923306077596326e-08
-9.012500000000001,3.667484999999999e-05,4.4758888130368344e-08
-9.002500000000001,2.521949666666667e-05,4.825070454292682e-08
-8.992500000000001,1.5996963333333335e-05,1.3309290823415321e-08
-8.982500000000002,1.2783656666666669e-05,1.7988615535635117e-08
-8.972500000000002,1.2258746666666669e-05,8.556402411189969e-09
-8.962500000000002,1.2092906666666668e-05,2.331760041018182e-08
-8.9525,1.2048613333333336e-05,1.532089277932461e-08
-8.9425,1.20061e-05,1.770107529690383e-08
-8.932500000000001,1.1966953333333332e-05,1.4571347074157629e-08
-8.922500000000001,1.1954503333333333e-05,9.613886946611427e-09
-8.912500000000001,1.195563e-05,1.3118782972008873e-08
-8.902500000000002,1.1946276666666667e-05,9.381799164102636e-09
-8.892500000000002,1.1929520000000001e-05,2.0110143377576075e-08
-8.882500000000002,1.1931013333333335e-05,7.281576447140711e-09
-8.8725,1.1948363333333333e-05,1.2982101353615969e-08
-8.8625,1.197216e-05,1.9249124655422642e-08
-8.852500000000001,1.199619e-05,2.445116493475694e-08
-8.842500000000001,1.2048236666666667e-05,1.9898799517112764e-09
-8.832500000000001,1.2024016666666667e-05,3.9417540370867045e-08
-8.822500000000002,1.1998063333333333e-05,1.656138547612754e-08
-8.81,1.1939206666666667e-05,3.104691324789359e-08
-8.805000000000001,1.1903056666666669e-05,1.977722820709586e-08
-8.795000000000002,1.1928740000000001e-05,5.907018424439673e-09
-8.785000000000002,1.197585e-05,1.2581004199453844e-08
-8.7725,1.1954346666666667e-05,1.7483573878231165e-08
-8.765,1.1937876666666665e-05,8.715386139211109e-09
-8.755,1.194457e-05,1.0314426789696553e-08
-8.745000000000001,1.1942283333333332e-05,1.9724824178909472e-08
-8.735000000000001,1.1998876666666667e-05,1.684596951466062e-08
-8.725000000000001,1.2034866666666667e-05,1.14525698232123e-08
-8.715000000000002,1.2051770000000002e-05,5.579253235574221e-09
-8.7025,1.208386e-05,1.7013100834356616e-08
-8.695000000000002,1.2090520000000002e-05,1.2212160605996946e-08
-8.685,1.2085473333333334e-05,7.218390094442716e-09
-8.675,1.2100363333333332e-05,2.1768689033155432e-08
-8.665000000000001,1.2134110000000002e-05,1.5027936207831425e-08
-8.655000000000001,1.2151253333333335e-05,1.6047555023187434e-08
-8.645000000000001,1.2162636666666667e-05,9.218189747571193e-09
-8.635000000000002,1.2185346666666665e-05,2.0654317278046826e-08
-8.625000000000002,1.2201520000000001e-05,2.2429071908277573e-08
-8.615000000000002,1.2223666666666668e-05,1.79930437175652e-08
-8.605,1.2257956666666668e-05,1.5201755015641076e-08
-8.595,1.2266226666666667e-05,2.9619588488400922e-08
-8.585,1.2276789999999998e-05,1.6438651607315073e-08
-8.575000000000001,1.2258016666666667e-05,2.3272066708586123e-08
-8.565000000000001,1.2186273333333333e-05,2.9577569579365897e-08
-8.555000000000001,1.2193933333333332e-05,7.202519620861271e-09
-8.545000000000002,1.22164e-05,2.5409936376675145e-08
-8.535000000000002,1.2252776666666666e-05,3.743593045309728e-09
-8.525,1.2242273333333332e-05,1.5345002081749482e-08
-8.507500000000002,1.2276613333333334e-05,2.1866184445902156e-08
1.3050000000000002,7.109403333333333e-05,4.2771384774817396e-08
1.3075,7.156881333333334e-05,7.4675351852015e-07
1.3175000000000001,7.331977666666667e-05,1.14707585510094e-06
1.3275000000000001,7.510419666666667e-05,1.8685816715775525e-06
1.3375000000000001,7.927017666666668e-05,2.545824415945098e-06
1.3475000000000001,8.334984e-05,4.097040145015263e-06
1.3575000000000002,8.93638e-05,6.324479249303193e-06
1.3675000000000002,0.00010378456666666666,3.0057567359245183e-07
1.3775000000000002,0.000116062,1.7626283404809784e-07
1.3875000000000002,0.00013231963333333333,1.9794627778488592e-07
1.3975000000000002,0.0001544736333333333,2.917482742974871e-07
1.4075000000000002,0.00020683876666666666,7.046174959192752e-07
1.4175000000000002,0.0006688882,9.172576390887508e-06
1.4275000000000002,0.0017284176666666666,7.255300594890763e-05
1.4375000000000002,0.0018889826666666665,7.288946934609653e-05
1.4475000000000002,0.0018437443333333334,5.9970557844847745e-05
1.4575000000000002,0.001710418,4.051710020061481e-05
1.4675000000000002,0.0014746653333333332,1.6742446980321943e-05
1.4775000000000003,0.0012792826666666666,5.604457412532417e-06
1.4875000000000003,0.00111673,3.4986444041466485e-06
1.4975000000000003,0.0008378216000000001,2.0044092085865764e-05
1.5075000000000003,0.00043394663333333336,1.095932376147766e-05
1.5175000000000003,0.0003313328,7.853262260148117e-06
1.5275000000000003,0.0003038365666666667,6.074620805358043e-06
1.5375000000000003,0.00021864013333333331,3.757272387724312e-06
1.5550000000000002,8.424784333333332e-05,4.994228592661286e-06
1.5575000000000003,8.318500666666667e-05,3.3959233779570968e-06
1.5675000000000001,7.760629000000001e-05,2.5114408619887256e-06
1.5775000000000001,7.384511666666667e-05,1.720132473683996e-06
1.5875000000000001,7.203859666666667e-05,4.805441909844415e-07
1.5975000000000001,7.018285666666667e-05,3.245606796202446e-07
1.6075000000000002,6.932983999999999e-05,4.798569780674228e-07
1.6175000000000002,6.763416666666667e-05,3.250759095281543e-07
1.6275000000000002,6.592700000000001e-05,1.346210699209718e-07
1.6375000000000002,6.396682000000001e-05,1.8014987815705274e-07
1.6475000000000002,6.215366333333333e-05,7.58188957685061e-08
1.6575000000000002,6.0383053333333336e-05,1.54554122630948e-07
1.6675000000000002,5.917333e-05,1.6055604442063214e-07
1.6775000000000002,5.8238433333333335e-05,1.6494544155231758e-07
1.6875000000000002,5.732320666666666e-05,4.594931797341941e-08
1.6975000000000002,5.657460333333334e-05,1.207688928859118e-07
11.495000000000001,1.1020103333333333e-05,2.2126004810830362e-08
11.507500000000002,1.1070443333333334e-05,2.0747209183138e-08
11.517500000000002,1.1093983333333334e-05,3.1345090347435534e-08
11.527500000000002,1.1083110000000001e-05,3.0306132492725864e-08
11.537500000000001,1.1114253333333333e-05,5.343215843998478e-09
11.547500000000001,1.111791e-05,2.0433156062309367e-08
11.557500000000001,1.1132496666666666e-05,1.4090415970518167e-08
11.5675,1.1108703333333334e-05,5.0170464972485536e-09
11.577500000000002,1.1157006666666666e-05,2.9569687557061447e-08
11.585,1.1142493333333333e-05,2.104068809605719e-08
11.595000000000002,1.1124273333333332e-05,3.79516651662158e-09
11.607500000000002,1.1140786666666666e-05,6.3875416937104555e-09
11.615000000000002,1.1181123333333333e-05,9.67581635947172e-09
11.627500000000001,1.114915e-05,8.297099894943245e-09
11.635000000000002,1.1113229999999998e-05,5.563997364006354e-09
11.6475,1.108364e-05,2.3863395958385553e-08
11.657500000000002,1.10718e-05,3.481537878581762e-08
11.667500000000002,1.106456e-05,2.2305875160295292e-08
11.675000000000002,1.1028516666666666e-05,3.2356573091448313e-08
11.687500000000002,1.1020543333333333e-05,2.27719862013731e-08
11.697500000000002,1.1067560000000001e-05,3.231207307906239e-08
11.707500000000001,1.1016006666666667e-05,3.127304412571492e-08
11.715000000000002,1.099736e-05,1.9299120878078414e-08
11.725000000000001,1.099298e-05,4.065275718406874e-09
11.735000000000001,1.0989889999999999e-05,1.3926600446627416e-08
11.745000000000001,1.1005649999999999e-05,1.440773634776374e-08
11.757500000000002,1.0986896666666668e-05,1.3270770721987324e-08
11.767500000000002,1.0957826666666668e-05,1.947609874236134e-08
11.775000000000002,1.0905436666666669e-05,1.1285082582280224e-08
11.787500000000001,1.092946e-05,1.880789373286319e-08
11.797500000000001,1.0924749999999999e-05,5.141523768949109e-09
11.807500000000001,1.0881566666666668e-05,4.640648900985816e-09
11.817500000000003,1.085135e-05,1.297294363923074e-08
11.825000000000001,1.088858e-05,1.9145610462975295e-08
11.837500000000002,1.0887196666666667e-05,2.4468298310716762e-08
11.845000000000002,1.0872443333333334e-05,2.648678454542146e-08
11.855000000000002,1.0796573333333334e-05,2.385523189761306e-08
11.865000000000002,1.0823193333333332e-05,2.084625039558814e-08
11.877500000000001,1.0793136666666666e-05,1.5119943415531607e-08
11.885000000000002,1.0787063333333332e-05,2.1099796734145036e-08
11.8975,1.080554e-05,4.4414108869442175e-08
11.907500000000002,1.0812956666666666e-05,3.4257586345541747e-09
11.917500000000002,1.0820059999999999e-05,1.0950108066437866e-08
11.927500000000002,1.0883883333333334e-05,3.107155862771532e-08
11.937500000000002,1.0909993333333333e-05,5.391934305567223e-09
11.947500000000002,1.0935123333333334e-05,1.4940906561815432e-08
11.957500000000001,1.0870006666666667e-05,1.8205790898014583e-08
11.965000000000002,1.0891883333333333e-05,1.8243932933687497e-08
11.977500000000001,1.0829726666666666e-05,9.171129822558095e-09
11.987500000000002,1.0888753333333333e-05,2.705392803683459e-08
11.997500000000002,1.092016e-05,1.725363922964263e-08
12.007500000000002,1.0985030000000001e-05,3.124854663287016e-08
12.017500000000002,1.108704e-05,4.4069036749174404e-09
12.027500000000002,1.2256593333333333e-05,1.545064471865923e-08
12.037500000000001,1.445906e-05,2.6555697442670363e-08
12.047500000000001,1.6270043333333332e-05,2.8555186724813292e-08
12.057500000000001,1.7599593333333334e-05,2.8969648868349714e-08
12.067500000000003,1.7889646666666668e-05,2.1801593723599446e-08
12.077500000000002,1.7366550000000004e-05,2.5104927803122665e-08
12.087500000000002,1.7673416666666666e-05,2.356366458955213e-08
12.097500000000002,2.037577333333333e-05,1.6395874142261896e-08
12.107500000000002,2.784966666666667e-05,2.5129235740246083e-08
12.117500000000001,4.061339666666667e-05,8.933077496336716e-08
12.127500000000001,5.440545e-05,6.540767080396578e-08
12.137500000000001,6.976617333333333e-05,1.1476810135611927e-07
12.145000000000001,8.231308333333333e-05,4.0563271016472774e-08
12.155000000000001,0.00011894623333333334,2.505386375170297e-07
12.167500000000002,0.00016043343333333333,4.353075107195979e-07
12.177500000000002,0.0001776949,3.547695120309263e-07
12.187500000000002,0.0001807159,6.028272057563443e-07
12.197500000000002,0.00016407226666666666,2.3327810775029217e-07
12.207500000000001,0.00012898096666666666,1.2980201162625317e-07
12.217500000000001,8.378810666666667e-05,1.942256212781639e-06
12.227500000000001,4.4141800000000005e-05,3.8580394848506095e-08
12.237500000000002,1.5432056666666667e-05,4.4215068572703206e-08
12.247500000000002,1.3197633333333336e-05,4.808193169534215e-08
12.257500000000002,1.248595e-05,1.3942096925020802e-08
12.267500000000002,1.2089816666666666e-05,7.754643053608999e-09
12.275000000000002,1.1918273333333333e-05,4.796260093957432e-08
12.287500000000001,1.1728166666666667e-05,1.7435129926546668e-08
12.297500000000001,1.1635433333333334e-05,2.7699658642100886e-08
12.307500000000001,1.158454e-05,2.467056680878412e-08
12.317500000000003,1.1573083333333334e-05,1.3430677156751526e-08
12.327500000000002,1.1660016666666665e-05,2.476466882924586e-08
12.337500000000002,1.170553e-05,2.0440789286783177e-08
12.347500000000002,1.1745836666666665e-05,3.544033703125433e-08
12.357500000000002,1.1814003333333332e-05,3.7398804199539985e-08
12.367500000000001,1.1871536666666666e-05,8.420709919927233e-09
12.377500000000001,1.1836859999999999e-05,1.3990196567597064e-08
12.387500000000001,1.1748356666666665e-05,8.060737490383844e-09
12.397500000000003,1.1616520000000001e-05,1.3182672971239682e-08
12.407500000000002,1.149139e-05,1.4012137595670574e-09
12.417500000000002,1.1312336666666667e-05,2.2160806744240616e-08
12.427500000000002,1.1164053333333332e-05,6.439794682717687e-09
12.437500000000002,1.095888e-05,3.675468224140459e-09
12.447500000000002,1.0839590000000001e-05,1.68410055123401e-08
12.457500000000001,1.0709246666666668e-05,2.218511412837182e-08
12.467500000000001,1.0518243333333333e-05,6.43844377332154e-08
12.477500000000001,1.041844e-05,2.5641908405317007e-08
12.487500000000002,1.0368720000000001e-05,2.3847114430611184e-08
12.497500000000002,1.0343413333333334e-05,3.040683402716781e-09
