-11.797500000000001,1.3532746666666665e-05,1.5705146361057367e-08
-11.792500000000002,1.3500206666666668e-05,2.592578681973274e-08
-11.782500000000002,1.351268e-05,1.0670045298248257e-08
-11.7725,1.350347e-05,1.601472031184676e-08
-11.762500000000001,1.3499596666666666e-05,2.608147533318538e-08
-11.752500000000001,1.3486943333333334e-05,1.4347688160660731e-08
-11.742500000000001,1.3469053333333332e-05,1.3706203785958147e-08
-11.732500000000002,1.3491963333333334e-05,1.9174939084359136e-08
-11.722500000000002,1.3503553333333334e-05,7.99263132863965e-09
-11.712500000000002,1.3493413333333332e-05,3.1277823169497617e-09
-11.702500000000002,1.348816e-05,1.77456323264813e-08
-11.6925,1.3487693333333334e-05,1.4609718987334354e-08
-11.682500000000001,1.3463763333333333e-05,1.698623429591029e-08
-11.672500000000001,1.3490633333333334e-05,3.5002294527962656e-08
-11.662500000000001,1.3522219999999999e-05,2.6336301942376318e-08
-11.652500000000002,1.3518219999999998e-05,9.273090099853583e-09
-11.642500000000002,1.3499896666666666e-05,7.1611048185473885e-09
-11.632500000000002,1.3518366666666667e-05,1.2413823835636977e-08
-11.622500000000002,1.3526549999999998e-05,2.6529606103371633e-09
-11.612500000000002,1.3521843333333332e-05,2.7775606003989678e-08
-11.602500000000001,1.3531216666666667e-05,2.9749677122430534e-08
-11.592500000000001,1.3492413333333333e-05,1.8663672974226865e-08
-11.582500000000001,1.3525766666666667e-05,2.551807768796212e-08
-11.572500000000002,1.3520916666666666e-05,1.2030523217586643e-08
-11.562500000000002,1.3531723333333332e-05,2.6093705924780163e-08
-11.552500000000002,1.353464e-05,1.5723097659176656e-08
-11.542500000000002,1.3535700000000002e-05,3.86053113789623e-08
-11.532500000000002,1.354597e-05,1.0131400034875005e-08
-11.5225,1.3556083333333334e-05,7.063754116772534e-09
-11.512500000000001,1.3562966666666665e-05,5.473160776816998e-09
-11.502500000000001,1.3582523333333332e-05,1.3710570941998046e-08
-11.492500000000001,1.3571723333333335e-05,7.907154285132786e-09
-11.482500000000002,1.3570256666666667e-05,2.2078348871437044e-08
-11.472500000000002,1.356115e-05,6.393309002387254e-09
-11.462500000000002,1.3589449999999999e-05,1.5219180880279543e-08
-11.452500000000002,1.3579643333333334e-05,2.5856889904927784e-08
-11.4425,1.358329e-05,1.34049319282123e-08
-11.432500000000001,1.3570096666666668e-05,1.1806693958184416e-08
-11.422500000000001,1.35893e-05,2.0620486576864713e-08
-11.412500000000001,1.3611463333333334e-05,3.252018176797402e-09
-11.402500000000002,1.3625206666666664e-05,2.3447475106904175e-08
-11.392500000000002,1.3605343333333332e-05,2.2346020277047662e-08
-11.382500000000002,1.3620006666666666e-05,1.5193473013838518e-08
-11.372500000000002,1.3617933333333332e-05,5.6493087089386425e-09
-11.362500000000002,1.3622843333333334e-05,1.2216034090035019e-08
-11.352500000000001,1.3622159999999999e-05,9.700560121285087e-09
-11.342500000000001,1.3617799999999999e-05,1.0993352536874427e-08
-11.332500000000001,1.3638486666666668e-05,1.9033472854129694e-08
-11.322500000000002,1.3621616666666667e-05,8.872265149830134e-09
-11.312500000000002,1.3636326666666668e-05,1.677846702042698e-08
-11.302500000000002,1.3648470000000001e-05,1.5332725350265495e-08
-11.292500000000002,1.3617873333333333e-05,9.238821473663425e-09
-11.282500000000002,1.3632963333333333e-05,2.3134837126914896e-08
-11.2725,1.36462e-05,7.802888354107253e-09
-11.262500000000001,1.3666229999999998e-05,1.4710440736655806e-08
-11.252500000000001,1.365753e-05,1.0019125044965838e-08
-11.242500000000001,1.3615986666666666e-05,6.918286557298039e-09
-11.232500000000002,1.3645116666666666e-05,2.6078226337097225e-08
-11.225000000000001,1.3655513333333332e-05,2.4675032365170533e-08
-11.215000000000002,1.3656633333333334e-05,2.110911546123009e-08
-11.202500000000002,1.365805e-05,1.8636051083853637e-08
1.1,1.3770453333333333e-05,1.8864840901057634e-08
1.1075000000000002,1.3776956666666668e-05,8.029820808848982e-09
1.1175000000000002,1.3785363333333334e-05,7.251116389142642e-09
1.1275000000000002,1.3759763333333334e-05,9.438694589589993e-09
1.1375000000000002,1.376526e-05,1.188176193443838e-08
1.1475000000000002,1.3783383333333332e-05,1.1362119325001032e-08
1.1625,1.3792839999999999e-05,2.4003259500881138e-08
1.1650000000000003,1.3810116666666667e-05,1.1292671173031786e-08
1.1750000000000003,1.3783040000000001e-05,8.295713752695897e-09
1.1875000000000002,1.3810476666666667e-05,2.3502086904973024e-08
1.195,1.3804493333333332e-05,2.6818691657543203e-09
1.2075000000000002,1.3825623333333333e-05,2.055863214213282e-08
1.2175000000000002,1.3823503333333332e-05,1.603976793957946e-08
1.2275000000000003,1.386148e-05,8.188642541145992e-09
1.2375000000000003,1.3841350000000001e-05,1.2062390586723096e-08
1.2475000000000003,1.3827016666666665e-05,1.7267438206700715e-08
1.2575000000000003,1.383111e-05,2.6808726191298312e-08
1.2675,1.3832416666666668e-05,1.1068081234894414e-08
1.2775,1.3816606666666667e-05,1.6242746757313368e-08
1.2925000000000002,1.3846966666666666e-05,7.095281687305515e-09
1.2975,1.3847146666666669e-05,1.423142141725653e-08
1.3075,1.3848966666666667e-05,2.6130387589080002e-08
1.3175000000000001,1.3839106666666669e-05,3.838061518816758e-08
1.3275000000000001,1.38319e-05,1.389749138034197e-08
1.3375000000000001,1.3909489999999999e-05,1.8403001566773525e-08
1.3475000000000001,1.3914846666666668e-05,3.363500689592451e-08
1.3575000000000002,1.3946326666666668e-05,1.626795896506016e-08
1.3675000000000002,1.4005516666666665e-05,1.2320688112096327e-08
1.3775000000000002,1.4137386666666666e-05,2.79328532178309e-08
1.3875000000000002,1.4658076666666667e-05,3.693328429599599e-08
1.3975000000000002,2.1145056666666668e-05,2.403127175623966e-08
1.4075000000000002,4.029123333333333e-05,1.7649234796129794e-08
1.4175000000000002,3.259571666666667e-05,2.126473188691279e-08
1.4275000000000002,2.11672e-05,1.3436316459505365e-08
1.4375000000000002,1.5714796666666666e-05,3.222013276750314e-08
1.4475000000000002,1.4278853333333333e-05,7.229722601104937e-10
1.4575000000000002,1.397081e-05,2.512473416111371e-08
1.4750000000000003,1.3879013333333332e-05,1.5353567084629686e-08
1.4775000000000003,1.3891430000000001e-05,2.1998101433229793e-08
1.4875000000000003,1.3886783333333334e-05,2.3571068895764567e-08
1.4975000000000003,1.3890123333333332e-05,7.620049576974828e-09
1.5075000000000003,1.3875166666666667e-05,1.4026133545002037e-08
1.5175000000000003,1.3902556666666666e-05,2.3810587747657587e-08
1.5275000000000003,1.3901993333333334e-05,2.2168496165105413e-09
1.5375000000000003,1.393466e-05,1.8255196520443106e-08
1.5475000000000003,1.3919416666666666e-05,1.3189137786661914e-08
1.5575000000000003,1.3919023333333333e-05,1.2950135992421812e-08
1.5675000000000001,1.3939300000000002e-05,3.8900777198748364e-08
1.5775000000000001,1.3949026666666667e-05,1.646010395538951e-08
1.5875000000000001,1.3985116666666666e-05,2.6038369551276792e-08
1.5975000000000001,1.3961063333333333e-05,2.5959313464642416e-08
14.005000000000003,1.3843496666666666e-05,1.6680444305300443e-08
14.007500000000002,1.3849406666666668e-05,1.8247787689349443e-08
14.017500000000002,1.3842086666666667e-05,4.327596202153103e-09
14.027500000000002,1.3845766666666667e-05,1.2483365821052093e-08
14.037500000000001,1.3881783333333331e-05,1.4563555731879431e-08
14.047500000000001,1.3875589999999999e-05,8.709867966852157e-09
14.057500000000003,1.3868953333333333e-05,1.2238797144963334e-08
14.067500000000003,1.3861990000000001e-05,3.512646390780968e-08
14.077500000000002,1.390166e-05,9.325234581500835e-10
14.087500000000002,1.3901993333333334e-05,1.8729357229286058e-08
14.097500000000002,1.3873346666666667e-05,2.2692278177584367e-08
14.107500000000002,1.3869486666666668e-05,2.2182625833944077e-09
14.117500000000001,1.3861466666666668e-05,2.0267269727867666e-09
14.127500000000001,1.3881759999999999e-05,1.136923333680262e-08
14.137500000000003,1.3881036666666668e-05,2.9412333391887707e-08
14.147500000000003,1.3881443333333333e-05,9.705769189278719e-09
14.157500000000002,1.3855356666666667e-05,1.177944631786885e-08
14.167500000000002,1.388851e-05,7.1347366220952096e-09
14.177500000000002,1.3883313333333335e-05,1.625784186853295e-08
14.187500000000002,1.3871323333333335e-05,4.9029401609872805e-09
14.197500000000002,1.3876849999999999e-05,1.3755306854689483e-08
14.207500000000001,1.3898843333333332e-05,1.7128604405756456e-08
14.217500000000001,1.3878206666666668e-05,1.3702869123735175e-08
14.227500000000003,1.3877083333333333e-05,5.5453303678763256e-09
14.237500000000002,1.388362e-05,2.0428494805051097e-08
14.247500000000002,1.3889673333333333e-05,2.2116553880646737e-08
14.257500000000002,1.3875146666666666e-05,2.1118526358521266e-08
14.267500000000002,1.3876516666666667e-05,6.015382134347515e-09
14.277500000000002,1.3842956666666667e-05,6.626297776452939e-09
14.287500000000001,1.3836243333333334e-05,1.6618947686969185e-08
14.297500000000001,1.3866313333333333e-05,1.164585858673482e-08
14.307500000000003,1.387185e-05,1.964852326936228e-08
14.317500000000003,1.3977076666666668e-05,1.1448856604725025e-07
14.327500000000002,1.4008933333333332e-05,1.2527687558187095e-08
14.337500000000002,1.3892386666666666e-05,3.569168094793107e-08
14.347500000000002,1.3876896666666666e-05,1.4105044802796156e-08
14.357500000000002,1.3877083333333333e-05,1.0911554528215207e-08
14.367500000000001,1.390147e-05,2.3805383144714944e-08
14.377500000000001,1.3885026666666666e-05,1.4224983499306852e-08
14.387500000000003,1.3909973333333335e-05,5.612024788097595e-09
14.397500000000003,1.3879336666666666e-05,3.183266282016335e-08
14.407500000000002,1.39138e-05,2.6212105345940386e-08
14.417500000000002,1.3896366666666666e-05,1.511695369077013e-08
14.427500000000002,1.3902033333333335e-05,2.9502515523633476e-08
14.437500000000002,1.3899693333333334e-05,2.062751291088911e-08
14.447500000000002,1.3916620000000001e-05,1.8267223835785133e-08
14.457500000000001,1.3924703333333332e-05,4.738736352891673e-09
14.467500000000003,1.3940306666666667e-05,1.710509540718484e-08
14.477500000000003,1.3931309999999999e-05,3.623071901025449e-08
14.487500000000002,1.3926023333333335e-05,1.5845994937382914e-08
14.495000000000003,1.3941883333333333e-05,2.3246071113678662e-08
14.507500000000002,1.3939846666666665e-05,1.0826847289133809e-08
14.517500000000002,1.3934903333333334e-05,1.415984070845729e-08
14.527500000000002,1.3953813333333334e-05,5.9238350941108076e-09
14.535000000000002,1.3924923333333332e-05,2.69941602738239e-08
14.547500000000001,1.3937003333333332e-05,2.957088921369942e-08
14.557500000000003,1.3949583333333331e-05,9.445649204204494e-09
14.567500000000003,1.395185e-05,9.976235094797244e-09
14.575000000000003,1.3937493333333332e-05,1.4921028412575873e-08
14.587500000000002,1.396035e-05,9.421638215654293e-09
14.597500000000002,1.396064e-05,8.546827871594272e-09
14.607500000000002,1.397166e-05,1.8033441158025903e-08
14.615000000000002,1.3971963333333335e-05,9.56040561668572e-09
14.627500000000001,1.3947130000000001e-05,1.2968842148267466e-08
14.637500000000003,1.3951790000000002e-05,2.4441231556531677e-08
14.645000000000001,1.3954203333333334e-05,2.980628270833051e-08
14.657500000000002,1.3962523333333333e-05,6.421995190143136e-09
14.667500000000002,1.3991516666666666e-05,1.867838917632893e-09
14.677500000000002,1.39647e-05,2.9668887182816083e-08
14.687500000000002,1.3982463333333332e-05,1.4389909273129335e-08
14.695000000000002,1.3970160000000001e-05,1.430653230753899e-08
14.705000000000002,1.3966363333333333e-05,3.287331778543489e-08
14.715000000000002,1.4005786666666667e-05,1.8101676411008925e-08
14.725000000000001,1.3986e-05,1.4779745148908315e-08
14.735000000000001,1.4002786666666667e-05,6.242042044786862e-09
14.747500000000002,1.4039150000000001e-05,1.1047753919537728e-08
14.755000000000003,1.4013126666666667e-05,3.5113371938462224e-09
14.765000000000002,1.4020530000000001e-05,1.9767904964023574e-08
14.775000000000002,1.4021946666666667e-05,1.2848725833931832e-08
14.785000000000002,1.4011513333333333e-05,2.8789156909425262e-09
14.795000000000002,1.402354e-05,1.1675778346646085e-08
