-14.995000000000003,7.185536e-06,0.0
-14.895000000000001,7.068058e-06,0.0
-14.795000000000002,6.809807e-06,0.0
-14.695000000000002,6.464295e-06,0.0
-14.600000000000001,6.061771e-06,0.0
-14.495000000000003,5.672321e-06,0.0
-14.400000000000002,5.333891e-06,0.0
-14.295000000000002,5.626876e-06,0.0
-14.200000000000003,4.895811e-06,0.0
-14.095000000000002,2.314129e-05,0.0
-14.000000000000002,9.608122e-06,0.0
-13.897500000000003,4.241784e-06,0.0
-13.800000000000002,4.351128e-06,0.0
-13.697500000000002,4.25444e-06,0.0
-13.600000000000001,3.782438e-06,0.0
-13.497500000000002,3.71519e-06,0.0
-13.400000000000002,3.701813e-06,0.0
-13.297500000000001,3.723529e-06,0.0
-13.197500000000002,3.759315e-06,0.0
-13.097500000000002,3.825863e-06,0.0
-13.000000000000002,3.869797e-06,0.0
-12.897500000000003,3.906624e-06,0.0
-12.797500000000001,3.968798e-06,0.0
-12.697500000000002,5.249815e-06,0.0
-12.597500000000002,4.039618e-06,0.0
-12.495000000000001,4.129945e-06,0.0
-12.397500000000003,4.201752e-06,0.0
-12.297500000000001,4.215375e-06,0.0
-12.200000000000001,4.276342e-06,0.0
-12.097500000000002,4.298802e-06,0.0
-12.000000000000002,4.427839e-06,0.0
-11.8975,4.558859e-06,0.0
-11.800000000000002,6.238179e-05,0.0
-11.697500000000002,6.115612e-06,0.0
-11.602500000000001,5.023346e-06,0.0
-11.497500000000002,5.788645e-06,0.0
-11.402500000000002,5.04538e-06,0.0
-11.300000000000002,6.741973e-06,0.0
-11.195000000000002,5.369615e-06,0.0
-11.102500000000001,2.472279e-05,0.0
-11.002500000000001,6.110131e-06,0.0
-10.900000000000002,6.048955e-06,0.0
-10.802500000000002,6.65855e-06,0.0
-10.700000000000001,6.353841e-06,0.0
-10.595,6.589607e-06,0.0
-10.500000000000002,7.052309e-06,0.0
-10.395000000000001,7.459239e-06,0.0
-10.3,7.421146e-06,0.0
-10.195000000000002,8.002229e-06,0.0
-10.100000000000001,8.221368e-06,0.0
-9.997500000000002,8.659896e-06,0.0
-9.900000000000002,8.13565e-06,0.0
-9.8,9.635844e-06,0.0
-9.700000000000001,1.072248e-05,0.0
-9.600000000000001,1.126895e-05,0.0
-9.4975,1.325007e-05,0.0
-9.400000000000002,1.76753e-05,0.0
-9.297500000000001,7.48693e-05,0.0
-9.200000000000001,0.0008332939,0.0
-9.095,2.98001e-05,0.0
-9.000000000000002,5.673048e-05,0.0
-8.895000000000001,1.208066e-05,0.0
-8.802500000000002,1.204676e-05,0.0
-8.700000000000001,1.206796e-05,0.0
-8.600000000000001,1.219047e-05,0.0
-8.500000000000002,1.228536e-05,0.0
-8.4,1.267776e-05,0.0
-8.305000000000001,1.28481e-05,0.0
-8.200000000000001,1.317888e-05,0.0
-8.097500000000002,1.348581e-05,0.0
-8.002500000000001,1.389092e-05,0.0
-7.897500000000001,1.424528e-05,0.0
-7.8050000000000015,1.4676e-05,0.0
-7.700000000000001,1.507606e-05,0.0
-7.597500000000001,1.578904e-05,0.0
-7.505000000000001,1.633621e-05,0.0
-7.397500000000001,1.688344e-05,0.0
-7.302500000000001,1.759321e-05,0.0
-7.2025000000000015,1.839621e-05,0.0
-7.097500000000001,1.92443e-05,0.0
-7.005000000000001,2.011864e-05,0.0
-6.900000000000001,2.142751e-05,0.0
-6.797500000000001,2.306634e-05,0.0
-6.705000000000001,2.471242e-05,0.0
-6.597500000000001,2.682305e-05,0.0
-6.505000000000001,2.932701e-05,0.0
-6.400000000000001,3.217046e-05,0.0
-6.297500000000001,7.68201e-05,0.0
-6.202500000000001,2.845119e-05,0.0
-6.1000000000000005,2.979138e-05,0.0
-5.9975000000000005,3.104321e-05,0.0
-5.902500000000001,3.23955e-05,0.0
-5.800000000000001,3.423541e-05,0.0
-5.697500000000001,3.663379e-05,0.0
-5.6000000000000005,3.919329e-05,0.0
-5.500000000000001,4.136448e-05,0.0
-5.402500000000001,4.346637e-05,0.0
-5.302500000000001,4.463206e-05,0.0
-5.197500000000001,4.570308e-05,0.0
-5.105,4.567943e-05,0.0
-5.0025,4.434192e-05,0.0
-4.9,4.220056e-05,0.0
-4.795000000000001,3.881838e-05,0.0
-4.705000000000001,3.574107e-05,0.0
-4.597500000000001,3.244215e-05,0.0
-4.500000000000001,2.977319e-05,0.0
-4.4,2.73193e-05,0.0
-4.300000000000001,2.544081e-05,0.0
-4.197500000000001,2.357523e-05,0.0
-4.105,2.199534e-05,0.0
-4.005000000000001,2.042399e-05,0.0
-3.9000000000000004,1.887408e-05,0.0
-3.7950000000000004,1.737616e-05,0.0
-3.7025000000000006,1.602231e-05,0.0
-3.6000000000000005,1.48553e-05,0.0
-3.4950000000000006,1.398756e-05,0.0
-3.4025000000000003,1.347321e-05,0.0
-3.3000000000000003,1.31288e-05,0.0
-3.1950000000000003,1.300108e-05,0.0
-3.1000000000000005,1.294153e-05,0.0
-3.0000000000000004,1.299646e-05,0.0
-2.8950000000000005,1.313019e-05,0.0
-2.7975000000000003,1.32078e-05,0.0
-2.6950000000000003,1.342196e-05,0.0
-2.5975000000000006,1.359781e-05,0.0
-2.4950000000000006,1.390759e-05,0.0
-2.4000000000000004,1.418585e-05,0.0
-2.2950000000000004,1.45345e-05,0.0
-2.1975000000000002,1.492277e-05,0.0
-2.095,1.536909e-05,0.0
-1.9950000000000003,1.594811e-05,0.0
-1.9000000000000004,1.642905e-05,0.0
-1.7950000000000002,1.724279e-05,0.0
-1.6975000000000002,1.835065e-05,0.0
-1.5950000000000002,1.967115e-05,0.0
-1.495,2.100677e-05,0.0
-1.3975000000000002,2.259066e-05,0.0
-1.2950000000000002,2.428987e-05,0.0
-1.1975000000000002,2.61519e-05,0.0
-1.0950000000000002,2.805377e-05,0.0
-1.0000000000000002,2.997966e-05,0.0
-0.8950000000000001,3.22473e-05,0.0
-0.8025000000000001,3.442331e-05,0.0
-0.7000000000000001,3.634941e-05,0.0
-0.6000000000000001,3.858612e-05,0.0
-0.49500000000000005,4.068131e-05,0.0
-0.4000000000000001,4.256075e-05,0.0
-0.29500000000000004,4.467425e-05,0.0
-0.19750000000000004,4.663102e-05,0.0
-0.09500000000000001,4.88144e-05,0.0
0.005000000000000001,5.06005e-05,0.0
0.10250000000000001,5.252106e-05,0.0
0.20500000000000002,5.448855e-05,0.0
0.30000000000000004,5.634771e-05,0.0
0.4050000000000001,5.704487e-05,0.0
0.5000000000000001,5.748555e-05,0.0
0.6050000000000001,5.759093e-05,0.0
0.7025000000000001,5.766845e-05,0.0
0.8050000000000002,5.789606e-05,0.0
0.9050000000000001,5.653951e-05,0.0
1.0025000000000002,5.582211e-05,0.0
1.1050000000000002,5.559222e-05,0.0
1.2025000000000001,5.694835e-05,0.0
1.3050000000000002,6.343515e-05,0.0
1.4050000000000002,8.102817e-05,0.0
1.5000000000000002,0.002908127,0.0
1.6050000000000002,0.0001003334,0.0
1.6950000000000003,5.976695e-05,0.0
1.7975000000000003,4.870705e-05,0.0
1.8950000000000002,4.420315e-05,0.0
2.0050000000000003,4.217593e-05,0.0
2.095,4.137422e-05,0.0
2.1975000000000002,4.070306e-05,0.0
2.3025,4.054657e-05,0.0
2.3950000000000005,4.072549e-05,0.0
2.4975000000000005,4.109121e-05,0.0
2.5975000000000006,4.144196e-05,0.0
2.6975000000000002,4.160411e-05,0.0
2.7975000000000003,4.193966e-05,0.0
2.9050000000000002,4.213144e-05,0.0
2.9975000000000005,4.236334e-05,0.0
3.0975000000000006,4.223611e-05,0.0
3.1975000000000007,4.223855e-05,0.0
3.3050000000000006,4.202067e-05,0.0
3.3975000000000004,4.176294e-05,0.0
3.4950000000000006,4.15418e-05,0.0
3.5975000000000006,4.11591e-05,0.0
3.6975000000000007,4.082107e-05,0.0
3.7950000000000004,4.026974e-05,0.0
3.8975000000000004,3.987392e-05,0.0
3.9950000000000006,3.943983e-05,0.0
4.0975,3.910509e-05,0.0
4.197500000000001,3.838401e-05,0.0
4.295000000000001,3.791253e-05,0.0
4.3950000000000005,3.747748e-05,0.0
4.495000000000001,3.707365e-05,0.0
4.597500000000001,3.658392e-05,0.0
4.695,3.603101e-05,0.0
4.7975,3.566301e-05,0.0
4.897500000000001,3.52537e-05,0.0
4.995000000000001,3.476887e-05,0.0
5.097500000000001,3.423674e-05,0.0
5.197500000000001,3.404862e-05,0.0
5.302500000000001,3.617431e-05,0.0
5.3950000000000005,4.095769e-05,0.0
5.495000000000001,4.531498e-05,0.0
5.595000000000001,4.84615e-05,0.0
5.695000000000001,5.072542e-05,0.0
5.795000000000001,5.21817e-05,0.0
5.897500000000001,5.366238e-05,0.0
5.9975000000000005,5.481807e-05,0.0
6.097500000000001,5.539317e-05,0.0
6.197500000000001,5.55656e-05,0.0
6.295000000000001,5.578651e-05,0.0
6.397500000000001,5.583547e-05,0.0
6.4975000000000005,5.593843e-05,0.0
6.602500000000001,5.602204e-05,0.0
6.697500000000001,5.612297e-05,0.0
6.797500000000001,5.51503e-05,0.0
6.902500000000001,5.434908e-05,0.0
6.997500000000001,5.363706e-05,0.0
7.097500000000001,5.229469e-05,0.0
7.2025000000000015,5.121055e-05,0.0
7.295000000000001,4.99472e-05,0.0
7.397500000000001,4.864174e-05,0.0
7.500000000000001,4.705701e-05,0.0
7.605000000000001,4.553689e-05,0.0
7.695000000000001,4.404083e-05,0.0
7.797500000000001,4.253097e-05,0.0
7.897500000000001,4.061011e-05,0.0
8.005,3.900008e-05,0.0
8.097500000000002,3.737305e-05,0.0
8.197500000000002,3.60648e-05,0.0
8.305000000000001,3.447344e-05,0.0
8.3975,3.28915e-05,0.0
8.500000000000002,3.117284e-05,0.0
8.602500000000001,2.966932e-05,0.0
8.695000000000002,2.839212e-05,0.0
8.797500000000001,2.707213e-05,0.0
8.895000000000001,2.599623e-05,0.0
8.995000000000001,2.482705e-05,0.0
9.097500000000002,2.382011e-05,0.0
9.197500000000002,2.314172e-05,0.0
9.295000000000002,3.699957e-05,0.0
9.395000000000001,2.271221e-05,0.0
9.495000000000001,2.130144e-05,0.0
9.605000000000002,2.006711e-05,0.0
9.697500000000002,1.925368e-05,0.0
9.797500000000001,1.852673e-05,0.0
9.895000000000001,1.767664e-05,0.0
10.005,1.695771e-05,0.0
10.095,1.646571e-05,0.0
10.197500000000002,1.597035e-05,0.0
10.305000000000001,1.538456e-05,0.0
10.3975,1.492241e-05,0.0
10.497500000000002,1.446778e-05,0.0
10.597500000000002,1.400117e-05,0.0
10.705000000000002,1.360574e-05,0.0
10.797500000000001,1.315913e-05,0.0
10.8975,1.274827e-05,0.0
10.995000000000001,1.236931e-05,0.0
11.095000000000002,1.20259e-05,0.0
11.197500000000002,1.170103e-05,0.0
11.295000000000002,1.144254e-05,0.0
11.3975,1.118115e-05,0.0
11.495000000000001,1.09346e-05,0.0
11.595000000000002,1.070523e-05,0.0
11.695000000000002,1.044499e-05,0.0
11.795000000000002,1.033837e-05,0.0
11.8975,1.022475e-05,0.0
11.995000000000001,1.033623e-05,0.0
12.097500000000002,2.425325e-05,0.0
12.197500000000002,9.617121e-05,0.0
12.300000000000002,1.137716e-05,0.0
12.405000000000001,1.080663e-05,0.0
12.497500000000002,8.29996e-06,0.0
12.605000000000002,8.158363e-06,0.0
12.697500000000002,8.137707e-06,0.0
12.797500000000001,8.820612e-06,0.0
12.905000000000001,7.976395e-06,0.0
12.997500000000002,8.529204e-06,0.0
13.105000000000002,7.880426e-06,0.0
13.197500000000002,8.425562e-06,0.0
13.300000000000002,7.832905e-06,0.0
13.400000000000002,7.787036e-06,0.0
13.500000000000002,7.753578e-06,0.0
13.605000000000002,7.698824e-06,0.0
13.697500000000002,7.994874e-06,0.0
13.800000000000002,7.59116e-06,0.0
13.905000000000001,7.77786e-06,0.0
13.997500000000002,7.828708e-06,0.0
14.100000000000001,7.470219e-06,0.0
14.205000000000002,7.400707e-06,0.0
14.297500000000001,7.277475e-06,0.0
14.405000000000003,7.179818e-06,0.0
14.497500000000002,7.094324e-06,0.0
14.602500000000003,7.038389e-06,0.0
14.705000000000002,7.444187e-06,0.0
14.797500000000003,6.893548e-06,0.0
14.900000000000002,6.790697e-06,0.0
15.000000000000002,6.683021e-06,0.0
