-9.997500000000002,2.212473e-05,9.334292938764488e-08
-9.992500000000001,2.2052496666666668e-05,8.026291394881921e-08
-9.982500000000002,2.2049443333333333e-05,4.475292045094897e-08
-9.972500000000002,2.207154666666667e-05,1.753542953248849e-08
-9.962500000000002,2.203755e-05,3.271852991807594e-08
-9.9525,2.2090273333333334e-05,4.526257492552648e-08
-9.9425,2.2137056666666664e-05,4.819303776365653e-09
-9.932500000000001,2.2151063333333337e-05,1.590336302659141e-08
-9.922500000000001,2.2201333333333334e-05,1.2631422019005771e-08
-9.912500000000001,2.216533e-05,6.666805681883852e-08
-9.902500000000002,2.229311333333333e-05,5.164647605489558e-08
-9.892500000000002,2.236015333333333e-05,1.913507309163538e-08
-9.882500000000002,2.2470353333333332e-05,3.0634710523993536e-08
-9.872500000000002,2.2457396666666668e-05,1.014056649743476e-08
-9.8625,2.2466403333333334e-05,1.1426829053688085e-08
-9.850000000000001,2.2555066666666667e-05,2.703373859129117e-08
-9.840000000000002,2.2649579999999996e-05,1.3449983890944612e-08
-9.830000000000002,2.2669169999999998e-05,4.516613997232859e-08
-9.820000000000002,2.272372e-05,2.9650741418499543e-08
-9.810000000000002,2.2752976666666664e-05,4.016273590725004e-08
-9.8,2.2822973333333334e-05,6.093544854096518e-09
-9.790000000000001,2.2929403333333336e-05,4.338114362510825e-08
-9.780000000000001,2.2985246666666667e-05,6.34145179662278e-08
-9.770000000000001,2.309240333333333e-05,2.6048494944792872e-08
-9.760000000000002,2.3192243333333332e-05,2.2354546641691913e-08
-9.750000000000002,2.3229626666666666e-05,4.174417830335437e-08
-9.740000000000002,2.3329213333333332e-05,1.2845684965084839e-08
-9.730000000000002,2.3378746666666666e-05,2.1825111429013434e-08
-9.72,2.350026666666667e-05,1.9103593611906877e-08
-9.71,2.358599e-05,2.6329999367007165e-08
-9.700000000000001,2.3570946666666667e-05,2.783829057651048e-08
-9.690000000000001,2.366003e-05,2.3300559363814835e-08
-9.680000000000001,2.3758323333333332e-05,5.8761186925460845e-08
-9.670000000000002,2.3862276666666668e-05,2.3253021786903418e-08
-9.660000000000002,2.3952703333333333e-05,4.478245365715803e-08
-9.650000000000002,2.4077273333333333e-05,1.9555930615089436e-08
-9.642500000000002,2.4210503333333333e-05,1.7952523190037793e-08
-9.63,2.4307546666666666e-05,6.60556141108052e-08
-9.620000000000001,2.444931e-05,2.4721181201552057e-08
-9.610000000000001,2.451846e-05,3.289324854738385e-08
-9.600000000000001,2.4688790000000003e-05,3.9067329061506454e-08
-9.592500000000001,2.4802343333333332e-05,3.443740440599707e-08
-9.582500000000001,2.4961296666666666e-05,5.9311470691220884e-08
-9.572500000000002,2.5182323333333334e-05,5.878030641483766e-08
-9.56,2.537021666666667e-05,6.568911849681707e-08
-9.552500000000002,2.5575616666666666e-05,4.8303024980039815e-09
-9.542500000000002,2.5788876666666664e-05,4.7853833934411525e-08
-9.5325,2.6036503333333335e-05,1.9587564649257834e-08
-9.5225,2.6262469999999996e-05,3.011174300280016e-08
-9.512500000000001,2.6501446666666665e-05,5.522916278762644e-08
-9.502500000000001,2.690408e-05,3.8540285416691864e-08
-9.492500000000001,2.7401326666666665e-05,2.2105815725481152e-08
-9.482500000000002,2.7951576666666666e-05,3.9299839128876804e-08
-9.472500000000002,2.874113666666667e-05,3.104659330032177e-08
-9.462500000000002,2.954128e-05,4.047693417244011e-08
-9.4525,3.0414806666666665e-05,6.2127419782966e-08
-9.4425,3.118667333333333e-05,3.925139940888192e-08
-9.432500000000001,3.200497666666667e-05,4.8548329413987215e-08
-9.422500000000001,3.283391666666667e-05,6.847979474917267e-08
-9.412500000000001,3.3649666666666664e-05,4.897742972249825e-08
-9.402500000000002,3.479266e-05,4.4109301362260515e-08
-9.392500000000002,3.600530999999999e-05,2.2773752435644675e-08
-9.382500000000002,3.691594e-05,1.827690892902679e-08
-9.3725,3.7383056666666664e-05,1.3492838429658066e-08
-9.3625,3.793405e-05,3.487619245273118e-08
-9.352500000000001,3.839140666666667e-05,2.5870778023778325e-08
-9.342500000000001,3.871175666666667e-05,3.890417829602646e-08
-9.332500000000001,3.8854376666666666e-05,5.837013753243679e-08
-9.322500000000002,3.862437e-05,7.78729482340745e-08
-9.315000000000001,3.827401e-05,5.5203279491952005e-08
-9.302500000000002,3.7651566666666664e-05,4.7576794296752425e-08
-9.295000000000002,3.7248080000000005e-05,6.901291231839617e-08
-9.2825,3.662050666666667e-05,5.989937246935216e-08
-9.275000000000002,3.617665333333334e-05,3.016140727633588e-08
-9.262500000000001,3.5453360000000006e-05,6.557758966801563e-08
-9.255,3.482976333333334e-05,8.324779249659001e-08
-9.242500000000001,3.411437e-05,3.1060873565735236e-08
-9.232500000000002,3.364029333333333e-05,2.0778903296907414e-08
-9.222500000000002,3.301505e-05,2.8922313185496476e-08
-9.215000000000002,3.243533e-05,4.360500506440389e-08
-9.205000000000002,3.1855283333333336e-05,2.5195207657189036e-08
-9.195000000000002,3.118885e-05,8.129484403494988e-08
-9.185,3.058971333333333e-05,4.744620977720411e-08
-9.175,3.0130883333333333e-05,2.998247191647425e-08
-9.165000000000001,2.9630646666666666e-05,3.653754446532435e-08
-9.155000000000001,2.9172516666666666e-05,5.31819144279546e-08
-9.145000000000001,2.883109e-05,4.608391476426423e-08
-9.135000000000002,2.845965e-05,1.0214512551593565e-08
-9.125000000000002,2.8128246666666668e-05,4.3040864561742296e-08
-9.115000000000002,2.784187e-05,4.439353331286007e-08
-9.105,2.7603506666666667e-05,1.3613964236114747e-08
-9.095,2.736165333333333e-05,1.2922307155544502e-08
-9.082500000000001,2.7185789999999996e-05,8.655429894965362e-09
-9.075000000000001,2.7005096666666662e-05,3.705967290135582e-08
-9.065000000000001,2.6743453333333337e-05,1.4405518232799928e-08
-9.055000000000001,2.6740286666666663e-05,4.042849600082657e-08
-9.045000000000002,2.670976333333333e-05,1.3886015347183278e-08
-9.035000000000002,2.6607383333333335e-05,1.3520415016641174e-08
-9.020000000000001,2.652126e-05,2.5482481564139117e-08
-9.015,2.646121e-05,5.97972775300003e-08
-9.005,2.6448483333333333e-05,2.8443572599486466e-08
-8.995000000000001,2.6422676666666668e-05,2.4939102273783156e-08
-8.985000000000001,2.6412736666666667e-05,4.492455403846678e-09
-8.967500000000001,2.6364843333333336e-05,4.407645050238021e-08
-8.965000000000002,2.6338546666666667e-05,3.57991436893245e-08
-8.955000000000002,2.6322106666666666e-05,2.3633356840609938e-08
-8.945000000000002,2.6325333333333334e-05,3.53529030711144e-08
-8.935,2.630294e-05,1.5102002074781008e-08
-8.920000000000002,2.625644e-05,2.308766048491381e-08
-8.915000000000001,2.628833e-05,3.2219563415209234e-08
-8.905000000000001,2.63005e-05,2.7131285754028614e-09
1.1975000000000002,0.00031071706666666667,2.822355732756272e-06
1.205,0.0003033493,1.78462424803281e-06
1.2175000000000002,0.00029865509999999997,1.4470281361005685e-06
1.2275000000000003,0.0002951363666666667,1.2396879293686077e-06
1.2375000000000003,0.0002927180333333333,1.3399076842164383e-06
1.2475000000000003,0.00029065736666666664,9.651256579096502e-07
1.2575000000000003,0.00029087443333333335,1.0459870628050696e-06
1.2650000000000001,0.0002906892666666667,7.174719522198709e-07
1.2775,0.00029232883333333334,4.4419173287620004e-07
1.2875,0.00029391646666666665,6.892044415282138e-07
1.2975,0.00029690113333333333,6.637472678328312e-07
1.3050000000000002,0.00030209346666666665,7.266452611526184e-07
1.3175000000000001,0.0003105857333333333,5.756701447492003e-07
1.3275000000000001,0.00032654930000000003,6.401665147964795e-07
1.3375000000000001,0.0003436568333333334,6.688713495300944e-07
1.3475000000000001,0.0003484565,3.736861071362772e-07
1.3575000000000002,0.0003477283,2.7858680275036293e-07
1.3675000000000002,0.0003513757666666667,5.12046106864959e-07
1.3775000000000002,0.0003509821,4.988756625319179e-07
1.3875000000000002,0.0003518845333333334,3.258671031093419e-07
1.3975000000000002,0.0003498502,3.2347279123081943e-07
1.4075000000000002,0.00034698683333333336,1.2182283128469875e-07
1.4175000000000002,0.00034127953333333333,5.241949340549458e-07
1.4275000000000002,0.0003333149,2.929467187049462e-07
1.4375000000000002,0.0003245196333333333,1.1475987490794855e-07
1.4475000000000002,0.00031430026666666666,2.436221299927956e-07
1.4575000000000002,0.0003051987,4.5237097608046004e-07
1.4675000000000002,0.0003000189666666667,2.060362481592882e-07
1.4775000000000003,0.0002952523,2.1294939931043316e-07
1.4925000000000002,0.0002898032666666667,1.815463638364042e-07
1.495,0.0002887876333333333,3.078715136041126e-07
1.5075000000000003,0.000285223,3.7939621330037276e-07
1.5175000000000003,0.0002822111666666666,2.125644268346716e-07
1.5275000000000003,0.00027932113333333327,2.4352979740108404e-07
1.5350000000000001,0.0002765441000000001,1.503905138852402e-07
1.5475000000000003,0.0002736389333333333,6.207701310110977e-08
1.5575000000000003,0.00027116693333333335,2.987024420537786e-07
1.5675000000000001,0.00026834593333333333,1.4909089695738034e-07
1.5775000000000001,0.0002659613,2.476393479773864e-07
1.5875000000000001,0.00026386073333333333,2.190667072430339e-08
1.5975000000000001,0.0002617697333333333,2.553636143924097e-07
11.505,3.8088076666666666e-05,2.3521604570172284e-07
11.507500000000002,3.892890666666667e-05,2.27264671595819e-07
11.517500000000002,3.9562749999999997e-05,8.44776116297485e-08
11.527500000000002,4.0226466666666665e-05,1.5039524379299926e-07
11.537500000000001,4.073928999999999e-05,1.214535820797379e-07
11.547500000000001,4.107067666666667e-05,5.39785762028678e-08
11.557500000000001,4.145259333333333e-05,6.907261123066391e-08
11.5675,4.177613333333333e-05,7.608426571170214e-08
11.577500000000002,4.202724999999999e-05,1.1236469759967721e-07
11.587500000000002,4.215916333333333e-05,3.6633414012648684e-08
11.597500000000002,4.241773e-05,8.949050936645062e-08
11.607500000000002,4.249395666666667e-05,5.3590649267282124e-08
11.617500000000001,4.2703256666666674e-05,1.4852531396663974e-08
11.627500000000001,4.274473333333334e-05,5.083245179563546e-08
11.637500000000001,4.283449666666667e-05,4.388357045131509e-08
11.6475,4.291764333333334e-05,3.00738915931336e-08
11.657500000000002,4.311708666666667e-05,5.886895635411093e-08
11.667500000000002,4.329164666666666e-05,2.5680589730162727e-08
11.677500000000002,4.3360666666666666e-05,6.542410480005815e-08
11.687500000000002,4.3422183333333336e-05,3.315450731884877e-08
11.695000000000002,4.3584566666666676e-05,6.7608694378447925e-09
11.705000000000002,4.360994e-05,3.170231011561503e-08
11.717500000000001,4.3634796666666666e-05,6.09569707981689e-08
11.725000000000001,4.3717783333333333e-05,6.525845351796058e-08
11.737500000000002,4.374043666666667e-05,3.169815592252944e-08
11.745000000000001,4.3683226666666666e-05,3.746238053775334e-08
11.755000000000003,4.383071e-05,6.484270249354577e-08
11.765000000000002,4.3897006666666666e-05,4.681330603815736e-08
11.775000000000002,4.4023803333333335e-05,2.5023669239786206e-08
11.785000000000002,4.4164923333333334e-05,5.13279867345416e-09
11.795000000000002,4.4197953333333334e-05,5.070264577799447e-08
11.805000000000001,4.4233503333333334e-05,8.746356701823977e-09
11.815000000000001,4.428935333333333e-05,1.4918099372538544e-08
11.825000000000001,4.4513466666666667e-05,1.825250363344334e-08
11.835,4.458431e-05,4.6643418256668106e-08
11.845000000000002,4.451896e-05,1.0097072182899522e-08
11.855000000000002,4.460593e-05,8.25697232646439e-08
11.865000000000002,4.474705e-05,3.6000137036774775e-08
11.875000000000002,4.480311e-05,2.7515243048173162e-08
11.885000000000002,4.488547e-05,1.3406575501099908e-08
11.895000000000001,4.4918516666666664e-05,4.6348858550011006e-08
11.905000000000001,4.5075783333333336e-05,1.7133765811662278e-07
11.915000000000001,4.537191333333333e-05,8.81386409143132e-08
11.925000000000002,4.559926e-05,6.319970411323108e-08
11.935000000000002,4.585355333333333e-05,2.7143439149984522e-08
11.945000000000002,4.6135956666666666e-05,5.650837125791209e-08
11.955000000000002,4.656656333333333e-05,4.661167974755732e-08
11.965000000000002,4.681321666666667e-05,4.3090107397819236e-08
11.975000000000001,4.7335223333333326e-05,3.3147349148242486e-08
11.985000000000001,4.776839e-05,2.1209060956737486e-08
11.995000000000001,4.8147069999999996e-05,3.614567562885705e-08
12.005000000000003,4.8606979999999996e-05,1.049628737538494e-07
12.015000000000002,4.892540333333333e-05,2.364097196724467e-09
12.025000000000002,4.920737333333333e-05,2.199828074090054e-08
12.035000000000002,4.9563743333333335e-05,5.5309859478716395e-08
12.045000000000002,5.006393e-05,3.774575737748524e-08
12.055000000000001,5.02642e-05,3.7141559830824096e-08
12.065000000000001,5.0725313333333326e-05,4.701901482969912e-08
12.075000000000001,5.087183666666666e-05,2.0463822277919606e-08
12.085,5.065463666666667e-05,5.860912689637543e-08
12.095000000000002,5.0545536666666664e-05,5.7239884890017194e-08
12.105000000000002,5.030873666666666e-05,2.767714620805848e-08
12.115000000000002,4.985848e-05,0.0
