-15.002500000000001,4.284026e-06,0.0
-14.902500000000002,4.328452e-06,0.0
-14.795000000000002,4.254318e-06,0.0
-14.705000000000002,4.151987e-06,0.0
-14.602500000000003,3.934348e-06,0.0
-14.495000000000003,3.714063e-06,0.0
-14.402500000000002,3.495885e-06,0.0
-14.295000000000002,4.337481e-06,0.0
-14.202500000000002,3.162757e-06,0.0
-14.100000000000001,9.389083e-06,0.0
-13.995000000000003,1.51095e-05,0.0
-13.902500000000002,3.569507e-06,0.0
-13.802500000000002,3.024619e-06,0.0
-13.695000000000002,2.99155e-06,0.0
-13.600000000000001,2.348254e-06,0.0
-13.495000000000003,2.268986e-06,0.0
-13.400000000000002,2.211957e-06,0.0
-13.295000000000002,2.201094e-06,0.0
-13.200000000000001,2.167345e-06,0.0
-13.095000000000002,2.19817e-06,0.0
-13.000000000000002,2.194857e-06,0.0
-12.895000000000001,2.221257e-06,0.0
-12.795000000000002,2.225441e-06,0.0
-12.700000000000001,3.263059e-06,0.0
-12.595000000000002,2.318784e-06,0.0
-12.495000000000001,2.316459e-06,0.0
-12.400000000000002,2.350295e-06,0.0
-12.295000000000002,2.348709e-06,0.0
-12.200000000000001,2.378576e-06,0.0
-12.095000000000002,2.427613e-06,0.0
-12.000000000000002,2.488403e-06,0.0
-11.8975,2.58324e-06,0.0
-11.800000000000002,2.626118e-05,0.0
-11.695000000000002,7.814261e-06,0.0
-11.600000000000001,3.407311e-06,0.0
-11.495000000000001,3.672582e-06,0.0
-11.400000000000002,2.889453e-06,0.0
-11.300000000000002,5.368312e-06,0.0
-11.197500000000002,3.131222e-06,0.0
-11.100000000000001,7.593795e-06,0.0
-10.997500000000002,4.89806e-06,0.0
-10.902500000000002,3.656511e-06,0.0
-10.797500000000001,3.851298e-06,0.0
-10.695000000000002,3.747621e-06,0.0
-10.600000000000001,3.804601e-06,0.0
-10.500000000000002,3.994017e-06,0.0
-10.3975,4.220119e-06,0.0
-10.3,4.297331e-06,0.0
-10.195000000000002,4.441022e-06,0.0
-10.095,4.645858e-06,0.0
-10.000000000000002,4.822698e-06,0.0
-9.895000000000001,5.068212e-06,0.0
-9.8,5.34048e-06,0.0
-9.695000000000002,6.58568e-06,0.0
-9.600000000000001,6.234826e-06,0.0
-9.495000000000001,7.212319e-06,0.0
-9.402500000000002,9.391076e-06,0.0
-9.3,1.682702e-05,0.0
-9.195000000000002,0.0008705584,0.0
-9.102500000000001,6.621007e-05,0.0
-8.995000000000001,3.694061e-05,0.0
-8.902500000000002,6.797933e-06,0.0
-8.797500000000001,6.595002e-06,0.0
-8.705000000000002,6.548274e-06,0.0
-8.602500000000001,6.563844e-06,0.0
-8.502500000000001,6.632597e-06,0.0
-8.3975,6.712819e-06,0.0
-8.305000000000001,6.821807e-06,0.0
-8.205000000000002,6.893797e-06,0.0
-8.095,7.0302e-06,0.0
-7.997500000000001,7.184296e-06,0.0
-7.902500000000001,7.45753e-06,0.0
-7.800000000000001,7.500559e-06,0.0
-7.700000000000001,7.638464e-06,0.0
-7.597500000000001,8.133003e-06,0.0
-7.497500000000001,7.878198e-06,0.0
-7.400000000000001,7.992365e-06,0.0
-7.305000000000001,8.105158e-06,0.0
-7.2025000000000015,8.221516e-06,0.0
-7.105000000000001,9.49993e-06,0.0
-7.005000000000001,8.399521e-06,0.0
-6.905000000000001,1.017921e-05,0.0
-6.805000000000001,1.056995e-05,0.0
-6.705000000000001,1.100523e-05,0.0
-6.605000000000001,1.140023e-05,0.0
-6.505000000000001,1.178915e-05,0.0
-6.405000000000001,1.232277e-05,0.0
-6.305000000000001,1.287737e-05,0.0
-6.202500000000001,1.342177e-05,0.0
-6.105,1.387676e-05,0.0
-6.002500000000001,1.450185e-05,0.0
-5.905000000000001,1.505027e-05,0.0
-5.802500000000001,1.582984e-05,0.0
-5.702500000000001,1.679327e-05,0.0
-5.602500000000001,1.80005e-05,0.0
-5.5025,1.889504e-05,0.0
-5.4,1.983258e-05,0.0
-5.300000000000001,2.052879e-05,0.0
-5.200000000000001,2.108131e-05,0.0
-5.097500000000001,2.126542e-05,0.0
-5.0025,2.114992e-05,0.0
-4.9,2.074771e-05,0.0
-4.800000000000001,2.009684e-05,0.0
-4.695,1.897491e-05,0.0
-4.602500000000001,1.811414e-05,0.0
-4.5025,1.703133e-05,0.0
-4.3950000000000005,1.59393e-05,0.0
-4.3025,1.512848e-05,0.0
-4.2,1.433233e-05,0.0
-4.1000000000000005,1.347215e-05,0.0
-3.9950000000000006,1.274994e-05,0.0
-3.9025000000000007,1.209675e-05,0.0
-3.7950000000000004,1.134877e-05,0.0
-3.7000000000000006,1.066591e-05,0.0
-3.5950000000000006,9.879433e-06,0.0
-3.5000000000000004,9.340522e-06,0.0
-3.3950000000000005,8.719666e-06,0.0
-3.3000000000000003,7.88019e-06,0.0
-3.1950000000000003,7.732786e-06,0.0
-3.0950000000000006,7.567674e-06,0.0
-3.0000000000000004,7.517239e-06,0.0
-2.8950000000000005,7.387564e-06,0.0
-2.8000000000000003,7.173269e-06,0.0
-2.6950000000000003,7.084763e-06,0.0
-2.6000000000000005,7.016348e-06,0.0
-2.4950000000000006,7.018106e-06,0.0
-2.3950000000000005,7.032131e-06,0.0
-2.3000000000000003,7.066246e-06,0.0
-2.1950000000000003,7.109586e-06,0.0
-2.1,7.214212e-06,0.0
-1.9950000000000003,7.322441e-06,0.0
-1.8950000000000002,7.630417e-06,0.0
-1.8000000000000003,7.835851e-06,0.0
-1.6950000000000003,8.232769e-06,0.0
-1.6000000000000003,8.005956e-06,0.0
-1.495,9.134956e-06,0.0
-1.4000000000000001,9.648916e-06,0.0
-1.2950000000000002,1.02355e-05,0.0
-1.2025000000000001,1.084172e-05,0.0
-1.1,1.145734e-05,0.0
-0.9950000000000001,1.217859e-05,0.0
-0.9025000000000001,1.29096e-05,0.0
-0.8000000000000002,1.368468e-05,0.0
-0.6950000000000001,1.441213e-05,0.0
-0.6025,1.507641e-05,0.0
-0.49500000000000005,1.586405e-05,0.0
-0.4000000000000001,1.657945e-05,0.0
-0.29500000000000004,1.733522e-05,0.0
-0.19750000000000004,1.811199e-05,0.0
-0.09500000000000001,1.882834e-05,0.0
0.0025000000000000005,1.95483e-05,0.0
0.10500000000000001,2.03427e-05,0.0
0.20500000000000002,2.108611e-05,0.0
0.30250000000000005,2.190468e-05,0.0
0.4050000000000001,2.235848e-05,0.0
0.5000000000000001,2.267715e-05,0.0
0.6050000000000001,2.29551e-05,0.0
0.7025000000000001,2.334611e-05,0.0
0.8050000000000002,2.360116e-05,0.0
0.9000000000000001,2.361164e-05,0.0
1.0050000000000001,2.371107e-05,0.0
1.0975000000000001,2.394601e-05,0.0
1.2025000000000001,2.490805e-05,0.0
1.2975,2.773229e-05,0.0
1.4000000000000001,3.732702e-05,0.0
1.5050000000000001,0.002205338,0.0
1.6000000000000003,0.0001032071,0.0
1.7000000000000002,2.826515e-05,0.0
1.8050000000000002,2.25953e-05,0.0
1.8950000000000002,2.038551e-05,0.0
1.9950000000000003,1.930173e-05,0.0
2.095,1.87148e-05,0.0
2.1950000000000003,1.83679e-05,0.0
2.2950000000000004,1.79931e-05,0.0
2.3975000000000004,1.787575e-05,0.0
2.4975000000000005,1.787377e-05,0.0
2.5975000000000006,1.77821e-05,0.0
2.7025000000000006,1.768817e-05,0.0
2.7975000000000003,1.767581e-05,0.0
2.8975000000000004,1.765718e-05,0.0
2.9975000000000005,1.765614e-05,0.0
3.1000000000000005,1.753942e-05,0.0
3.2050000000000005,1.739004e-05,0.0
3.2950000000000004,1.727949e-05,0.0
3.3975000000000004,1.711272e-05,0.0
3.5050000000000003,1.693126e-05,0.0
3.5975000000000006,1.672951e-05,0.0
3.7050000000000005,1.658405e-05,0.0
3.7975000000000003,1.650651e-05,0.0
3.9050000000000007,1.626108e-05,0.0
3.9975000000000005,1.61524e-05,0.0
4.105,1.596417e-05,0.0
4.197500000000001,1.577647e-05,0.0
4.300000000000001,1.559389e-05,0.0
4.402500000000001,1.544524e-05,0.0
4.4975000000000005,1.522156e-05,0.0
4.6000000000000005,1.517632e-05,0.0
4.705000000000001,1.507561e-05,0.0
4.800000000000001,1.486467e-05,0.0
4.905000000000001,1.471819e-05,0.0
4.9975000000000005,1.451436e-05,0.0
5.105,1.432834e-05,0.0
5.197500000000001,1.426051e-05,0.0
5.305000000000001,1.501405e-05,0.0
5.397500000000001,1.683473e-05,0.0
5.4975000000000005,1.894394e-05,0.0
5.6000000000000005,2.078643e-05,0.0
5.705000000000001,2.232839e-05,0.0
5.797500000000001,2.338035e-05,0.0
5.902500000000001,2.442311e-05,0.0
5.9975000000000005,2.517886e-05,0.0
6.097500000000001,2.582185e-05,0.0
6.202500000000001,2.624516e-05,0.0
6.295000000000001,2.645123e-05,0.0
6.400000000000001,2.669062e-05,0.0
6.500000000000001,2.673461e-05,0.0
6.605000000000001,2.681638e-05,0.0
6.697500000000001,2.675754e-05,0.0
6.805000000000001,2.646997e-05,0.0
6.897500000000001,2.597199e-05,0.0
7.000000000000001,2.560468e-05,0.0
7.100000000000001,2.498411e-05,0.0
7.205000000000001,2.431669e-05,0.0
7.297500000000001,2.385503e-05,0.0
7.400000000000001,2.312489e-05,0.0
7.505000000000001,2.242606e-05,0.0
7.597500000000001,2.186761e-05,0.0
7.697500000000001,2.109496e-05,0.0
7.797500000000001,2.023376e-05,0.0
7.905000000000001,1.946603e-05,0.0
7.997500000000001,1.867053e-05,0.0
8.097500000000002,1.78641e-05,0.0
8.197500000000002,1.7619e-05,0.0
8.297500000000001,1.653203e-05,0.0
8.405000000000001,1.579314e-05,0.0
8.495000000000001,1.520211e-05,0.0
8.600000000000001,1.458421e-05,0.0
8.705000000000002,1.396213e-05,0.0
8.795000000000002,1.343398e-05,0.0
8.8975,1.289817e-05,0.0
9.000000000000002,1.238874e-05,0.0
9.102500000000001,1.188349e-05,0.0
9.195000000000002,1.1474e-05,0.0
9.297500000000001,1.100521e-05,0.0
9.3975,1.068744e-05,0.0
9.505,1.031295e-05,0.0
9.595,8.429278e-06,0.0
9.697500000000002,8.365319e-06,0.0
9.805000000000001,8.267827e-06,0.0
9.8975,9.050834e-06,0.0
10.000000000000002,8.765414e-06,0.0
10.097500000000002,7.975183e-06,0.0
10.197500000000002,7.872827e-06,0.0
10.305000000000001,7.687959e-06,0.0
10.395000000000001,7.582449e-06,0.0
10.497500000000002,7.567856e-06,0.0
10.602500000000001,7.17818e-06,0.0
10.697500000000002,7.00063e-06,0.0
10.8,6.807089e-06,0.0
10.900000000000002,6.63136e-06,0.0
11.005,6.475299e-06,0.0
11.095000000000002,6.352335e-06,0.0
11.197500000000002,6.189983e-06,0.0
11.297500000000001,6.097763e-06,0.0
11.3975,5.992577e-06,0.0
11.497500000000002,5.905626e-06,0.0
11.602500000000001,5.759742e-06,0.0
11.695000000000002,5.692616e-06,0.0
11.800000000000002,5.620152e-06,0.0
11.905000000000001,5.632782e-06,0.0
11.995000000000001,5.771659e-06,0.0
12.097500000000002,9.128496e-06,0.0
12.197500000000002,9.565397e-05,0.0
12.305000000000001,6.940438e-06,0.0
12.397500000000003,6.247603e-06,0.0
12.497500000000002,5.559034e-06,0.0
12.597500000000002,5.228151e-06,0.0
12.705000000000002,5.113745e-06,0.0
12.797500000000001,4.948459e-06,0.0
12.900000000000002,4.916506e-06,0.0
13.005000000000003,4.859653e-06,0.0
13.097500000000002,4.821934e-06,0.0
13.200000000000001,4.770977e-06,0.0
13.300000000000002,4.726003e-06,0.0
13.405000000000001,4.707054e-06,0.0
13.497500000000002,4.668454e-06,0.0
13.600000000000001,4.608437e-06,0.0
13.705000000000002,4.565446e-06,0.0
13.797500000000001,4.506203e-06,0.0
13.905000000000001,4.493842e-06,0.0
14.000000000000002,4.483253e-06,0.0
14.105000000000002,4.669881e-06,0.0
14.197500000000002,4.285571e-06,0.0
14.305000000000001,4.311764e-06,0.0
14.400000000000002,4.185103e-06,0.0
14.502500000000001,4.149315e-06,0.0
14.605000000000002,4.204239e-06,0.0
14.697500000000002,4.319654e-06,0.0
14.800000000000002,5.172333e-06,0.0
14.900000000000002,3.958565e-06,0.0
15.000000000000002,3.912191e-06,0.0
